  520.9
  1517.8
  1300.2
   730.1
   549.6
   556.2
   632.3
   693.2
   524.4
   823.5
   515.5
  2414.8
   527.3
   990.5
   687.5
   874.6
   501.8
   621.3
  1069.5
  1104.1
   608.5
   783.7
   572.2
   804.4
  2050.7
  3897.6
   516.4
   574.3
   815.5
  1321.9
   603.5
   559.3
   545.4
   627.7
  1004.8
   949.6
   917.3
   664.3
   638.2
   628.5
   625.3
   850.9
   638.4
   689.5
  1195.3
   603.8
   510.3
  1620.1
  2100.7
  1650.9
  1519.0
   624.8
   508.3
   814.4
  1349.0
  4039.3
  1677.8
  1259.8
   743.5
   828.1
  1085.1
   537.0
  3650.3
   929.7
   692.5
   918.6
   706.1
  2122.3
  1008.5
   539.3
   523.7
   674.1
   983.4
   683.3
   507.0
  1136.1
   836.3
   578.9
  2180.0
   579.8
   694.2
   915.3
   943.6
  1164.0
   762.7
   687.5
   530.2
  3009.2
  1226.3
  1104.8
   795.1
   573.0
  2922.8
  4180.2
  4982.2
  1718.9
  3908.0
   707.9
  1363.3
  5030.9
  4762.5
  8753.3
  1348.4
   911.3
  1173.5
   597.6
   664.3
   521.8
   789.0
   806.6
   645.1
   730.0
  1902.9
   764.5
  2991.8
   653.8
   568.9
  1389.0
   583.1
   520.5
   776.9
   581.1
   693.9
   588.8
   552.0
  1989.4
   572.0
   604.9
   777.2
   823.1
  1864.9
   639.1
   827.5
   850.4
  1957.1
   833.8
  1984.1
  2541.9
   718.6
   608.3
   592.1
   674.9
  4067.1
   718.8
  1260.1
   960.9
  1843.3
   843.6
   996.1
   546.7
  1033.9
  6187.8
   691.7
  1630.6
   943.8
   828.1
   980.0
   719.5
  1032.1
   819.7
   551.6
   641.2
  4602.3
   867.1
  3223.4
   573.2
   632.3
  1033.6
   556.7
   607.2
  1269.3
   938.8
   748.3
  1125.6
   635.0
 11534.0
   639.7
   543.5
   834.7
   640.7
  1693.5
  2560.1
  1369.7
   767.1
   509.4
   575.7
   549.8
   971.4
  2993.8
   940.5
   612.2
   539.7
   531.9
  1343.7
   825.2
   587.6
   814.0
   692.7
   635.9
   970.1
  1302.8
   903.9
   506.0
   658.7
  1367.5
   792.9
   756.5
   539.9
   537.3
   509.7
   574.6
   540.5
  2210.8
   888.1
  1361.7
  7235.8
   500.6
   626.0
   559.3
  3201.6
  2163.8
   583.8
   772.1
   741.7
   580.7
   522.1
   900.1
   552.1
   523.0
   669.1
  2508.8
  1756.4
  1008.1
   503.8
  1174.5
   628.2
   725.4
  1867.5
   660.5
   898.2
   717.3
   912.4
   737.8
   524.9
   848.2
   595.9
  1321.9
  1104.4
  1093.3
   771.8
   575.1
   589.1
   567.5
   758.6
  2125.1
   601.6
  1238.7
   683.2
   552.9
   542.7
   563.6
   667.9
   775.9
  1128.9
   502.8
   638.6
   602.6
   653.6
   810.5
   756.2
   914.2
  1106.5
  1757.0
   810.4
  4201.3
   932.2
  1011.9
  1301.8
  2620.7
  8070.5
  1864.0
  2943.8
   842.2
   687.0
  1019.1
  1285.0
  1810.2
   680.1
  1706.3
  1653.3
   685.5
   580.7
   846.3
  1888.5
   505.7
  1306.6
   883.3
   663.8
   577.0
   587.6
   763.9
  1429.7
   719.8
   532.3
   534.9
   536.6
   550.6
   684.2
   573.6
   541.6
   546.3
   529.8
   666.8
  1643.0
   591.4
  1076.2
   718.9
  1785.0
   681.1
   827.3
  4091.3
   639.7
  1539.0
  2060.1
   573.0
  1247.1
  1248.9
  1016.8
  1521.8
   599.5
  1170.3
  2627.9
  2635.2
   924.9
  5081.7
   934.3
   783.7
   743.1
  1091.2
   638.3
  1184.2
  1065.6
   778.1
   565.5
  1472.3
   714.3
   627.4
   534.1
   540.2
   608.5
   841.3
   501.1
   585.7
  1082.5
   570.5
  1540.2
   673.7
  1521.3
  2010.1
   704.5
   577.1
   611.5
   841.6
  1002.5
  3712.6
  1408.1
  1692.3
   514.7
  2611.0
   653.5
   563.6
   794.6
  2889.8
   558.5
   629.4
   774.7
  2940.9
   708.5
  1698.1
   546.5
  1464.4
  1026.7
  1697.3
  1357.6
  1430.8
  1203.0
   673.8
   776.4
  1258.9
   538.6
   830.3
   678.4
   585.3
   700.9
   917.6
  1811.7
   569.1
   919.1
   507.8
  2246.0
   695.3
   652.9
   559.2
   505.2
  2337.9
  1562.8
  1467.6
  1137.5
   540.1
  1181.2
 16017.7
   928.7
   511.9
  1310.5
  1175.3
   538.6
  2740.2
   656.7
  1566.1
  1068.5
  1084.3
   605.9
   823.4
  1054.1
   922.8
   538.9
   581.3
  1211.2
   580.6
   872.8
  1172.7
   547.5
   608.6
   600.2
  3832.8
   625.3
   906.3
   508.4
   501.1
  1026.8
   716.3
  1693.9
  1280.6
   777.9
  1036.0
   893.2
   779.5
   952.0
   514.4
  1016.6
   838.0
  1041.1
   703.4
   744.8
   761.8
   666.7
   619.0
   516.1
   516.3
  1186.2
   943.6
   577.6
   500.9
   669.5
  1218.7
  1875.4
   841.1
   802.4
   661.6
   778.7
  1296.9
  1185.4
  1437.9
   984.3
   661.0
  1800.7
  2165.0
  1641.2
   838.1
   566.9
   633.1
  1010.4
  3751.6
  1263.7
   868.9
   568.3
  1184.4
  1123.2
   578.2
  2753.0
   733.8
   537.4
   518.2
   810.9
   780.8
   501.9
  1814.1
   640.9
  4067.7
   535.7
   523.6
   563.9
  1219.5
   657.0
   713.1
  9013.1
   559.5
  8754.1
  1150.3
  7114.8
  6724.0
   744.7
   885.6
   844.3
   503.8
   808.0
   615.1
  1610.4
  1683.3
  1628.1
   883.0
  1362.5
   676.3
   611.3
   558.4
   527.2
   578.8
   505.2
  1079.3
  2086.0
   842.8
  1014.5
   669.3
  1714.8
   947.1
   535.7
   948.1
   620.2
   659.2
  1355.6
   848.7
   518.5
   733.9
   539.8
   561.9
   601.5
   653.0
   859.2
   647.1
   508.6
   535.9
   549.2
   911.8
  1015.1
   976.2
  2764.1
  1915.8
   840.3
   763.1
   549.2
   541.5
   753.4
  1023.5
   827.4
   546.3
  2271.0
   606.4
   750.2
  1024.7
   824.9
   784.9
   555.0
   690.2
   627.3
   796.5
   841.5
   560.3
   696.3
  1489.0
   921.6
  3419.2
   923.3
  1707.2
   524.8
   543.3
   763.8
   589.8
  1771.9
  1806.7
  2303.1
  3671.5
   996.5
   682.7
   671.1
  1341.8
   563.8
   509.1
  1492.7
  3216.5
   536.1
  3108.5
  1153.2
  3024.2
   771.7
  1926.5
  2095.8
  1183.8
   828.4
   771.1
   679.6
  1555.3
  1064.9
  5387.6
   503.2
   565.3
 17674.7
  1585.7
   944.7
  2894.4
   538.0
   733.8
 10964.2
   948.1
   973.7
   562.3
  1129.0
   679.8
   881.4
   512.4
   599.3
   630.6
  1539.9
   939.8
  2682.1
   609.0
   889.2
   505.0
   516.2
   547.0
  1043.4
   527.3
   521.4
   550.1
   635.8
  1559.7
   775.0
   579.3
   628.4
   665.9
  2600.3
   673.2
   721.1
   682.7
   507.6
  1408.9
   649.7
  1231.8
   617.7
   956.1
  1495.3
   642.5
   974.1
  1267.5
   638.5
   668.6
   956.5
   532.3
   509.0
   539.0
   850.4
  4615.8
  1171.6
  2196.9
  3641.7
   636.9
  1067.7
  1941.4
   740.9
   516.7
   889.8
  6256.4
   694.7
   732.1
   521.2
   912.5
  1608.3
   922.6
   769.7
   762.4
  1664.3
  1254.9
  4848.1
   562.4
   532.9
  1163.1
   602.3
   864.6
   814.5
   599.9
   882.5
   678.7
   711.5
   713.5
   669.1
   536.0
   519.5
  1127.9
   993.8
   533.2
   517.4
   871.2
   790.2
   724.8
   871.3
   828.9
   645.6
   542.3
  1064.9
   983.7
   819.4
   712.1
  1064.7
  1224.9
   966.2
   662.7
   561.4
  1020.7
   554.5
   642.4
   779.6
   626.8
   555.3
   538.4
   522.4
   548.1
  1503.7
   595.2
   668.5
  1391.5
   771.2
   762.1
  1225.9
  1468.3
   813.3
  1868.5
   581.3
   514.1
   713.6
   753.1
   574.8
   924.1
   984.8
   834.3
   688.7
   518.1
  1378.2
   665.8
  1430.4
   531.6
  1843.0
   743.9
   660.6
   509.8
   637.5
   615.4
  1384.8
  1099.0
  1690.5
   998.1
   625.8
   700.2
   583.7
   963.2
   595.9
   644.8
  1207.4
   777.2
   961.2
   546.9
   976.3
  1148.2
   685.9
   916.7
   921.7
   557.8
  1039.8
   805.3
   531.8
   531.3
   775.1
   837.5
   830.2
   873.4
  1822.8
  5746.0
   505.4
  1131.2
  4866.5
   594.7
   560.2
   529.5
  1482.1
   965.6
   797.8
   893.5
   780.3
   961.2
  1935.0
  2188.7
   732.1
   502.6
   597.1
   555.3
  1291.6
  1626.0
  1300.6
   737.6
   614.2
   635.9
   595.2
   697.5
   921.8
   962.1
  1935.1
  1305.5
   538.2
  8027.9
   504.9
 22829.2
   986.4
   503.3
   518.9
  2061.7
   986.4
  1906.7
   550.0
   586.8
   985.1
   701.1
   578.5
   592.0
  2793.8
   527.6
   686.5
   613.5
   805.3
   524.7
   549.4
   953.4
   518.3
   548.9
  6938.2
  1208.7
   522.5
  1204.0
  2434.1
  2810.1
   641.2
   544.5
   703.3
  1449.3
   619.6
   597.3
  2247.9
   683.1
  1268.2
   564.7
  1197.0
   553.4
   541.6
  1391.3
  1699.6
   579.1
   557.5
   535.1
   559.7
   585.7
   596.5
   592.2
   749.1
   937.2
   650.9
  1734.4
   846.9
  1843.5
  1665.0
   510.4
   784.7
  1113.0
   541.7
  1990.0
  1198.2
  2676.6
   640.2
   500.9
   609.9
  3335.0
   567.4
   835.5
  1305.7
   534.2
   578.8
  2423.6
   517.3
   514.5
   755.6
  1611.6
  1075.2
   647.6
   532.2
  1014.0
   539.5
   584.8
   846.7
  2059.6
   659.7
   503.3
   513.2
  2808.2
   539.2
   865.1
   526.8
   605.4
   916.5
   601.5
   739.1
  1724.5
   534.3
   921.1
  1040.1
   515.2
   551.8
   839.6
   645.6
   589.7
   783.5
  2365.1
   918.8
  1132.9
  2126.7
   510.7
   661.1
   733.1
   503.0
   605.9
  1478.0
   686.6
  1010.6
  2033.0
   789.6
  2634.5
   708.8
  1227.7
   982.9
   545.5
   760.4
   874.7
   687.6
  1408.6
   587.5
  2929.3
   576.6
   628.8
   546.6
   927.9
   671.6
   557.0
   601.5
   725.6
   759.2
   643.4
  1554.3
  1551.3
   706.7
   607.8
   738.3
   813.7
   889.4
   627.5
  1051.3
   526.8
   507.5
   708.7
   511.3
  4042.2
   553.3
  6524.8
  1204.1
   952.8
  4296.1
   795.9
   651.2
  1544.4
   830.9
  1853.4
   521.6
   622.6
   577.9
  1675.7
   647.7
   778.8
   569.7
   661.4
   681.3
   587.9
   932.2
   936.0
   770.4
   937.5
  3115.5
  1934.3
   508.0
   555.6
   710.5
   571.6
   760.3
  1150.7
   637.2
   946.2
   997.9
   699.2
   657.1
   520.5
   652.2
   619.7
  4217.8
   734.9
  1592.1
   633.0
   547.0
   525.9
   861.0
  1074.7
   552.9
  1221.6
  3266.9
   540.3
   634.9
   827.6
  2940.2
   681.6
  1361.9
  1783.1
  3242.0
   647.9
   786.3
   513.0
   625.2
   740.0
  2361.2
  1849.8
   680.0
   675.0
  5619.5
   948.7
   841.9
  4193.5
  3268.0
  1662.2
   894.1
   553.5
  1034.1
   562.9
   638.5
  1574.2
   530.4
   855.1
  1476.1
   695.0
   502.3
  1445.3
  2846.5
   518.8
  1970.5
  2098.2
   739.1
   991.3
   896.1
  1915.1
  2086.3
  1852.3
   798.7
  1180.9
   577.1
   526.1
  2778.2
   847.4
  1248.0
   765.7
   516.2
  2923.7
  7726.1
  4311.7
   659.3
   555.1
   803.5
   763.9
  1161.4
   600.7
   668.7
  1339.7
  1105.6
  1009.2
  1056.7
   570.1
  1041.6
   519.0
   681.9
   804.1
   568.1
   676.8
   950.5
   702.3
   762.0
  2725.8
  1498.9
   690.3
  1262.3
  1689.8
  1297.0
   653.4
   731.7
  1755.6
  1149.6
  1112.7
   528.2
   536.7
   795.8
   880.3
   563.5
   524.9
   789.2
   848.8
   630.9
  1324.8
   785.6
   694.8
   687.6
  1219.5
   565.7
  1086.5
   937.7
   645.6
   767.1
   643.1
  1013.1
   522.5
   548.9
   753.4
  1710.0
  1337.5
   543.3
   892.0
   696.1
   874.7
   944.2
  2122.1
   532.8
   577.0
   732.4
   681.8
   509.5
   640.6
   693.9
  3755.5
   528.6
  1649.3
   675.5
   653.0
  9831.7
  1104.4
  3439.0
   568.3
   673.5
  1642.5
   699.7
   943.3
  1084.9
   780.1
  1046.2
   626.2
   825.9
  1013.1
   669.6
   626.4
   800.1
   714.1
 49728.5
   773.6
   511.0
  1090.7
   642.1
   527.8
   765.8
   817.2
   681.0
   552.6
   549.1
   534.5
  1320.5
   618.5
   787.4
  1225.0
   569.5
   575.8
   647.4
  1155.9
  1144.7
   682.4
   506.4
  1772.9
   627.8
   555.2
  1723.4
   650.2
   678.5
   622.2
   617.2
  3262.9
  3474.2
   792.0
  1143.7
   797.2
   591.9
   659.5
   649.5
  2023.8
   593.0
  1310.0
   698.8
  1177.3
  2094.1
   946.3
   888.1
  4001.3
   517.7
   846.6
   599.4
   895.9
   711.6
   541.8
   703.4
   935.9
   897.2
   667.7
   878.6
  1471.1
  1076.3
  2541.3
   809.5
  2868.0
   555.4
   810.0
  1467.7
   846.2
   574.5
  3430.9
   789.1
  2927.9
   518.1
  4586.1
   755.2
   938.3
  1249.9
   513.6
   808.9
  3432.8
  1726.6
   517.8
   769.0
  2660.1
  1193.1
   713.4
   555.4
   518.0
  2066.7
   548.2
   926.5
   514.5
   597.5
   586.8
   968.9
  2264.3
   834.1
   759.8
   914.8
  1407.6
   544.8
  5770.2
  2244.5
   700.7
   912.8
  4103.2
  2142.1
  3122.2
   582.0
  1482.4
   986.4
   582.8
  1207.7
   645.2
   691.6
   724.2
   628.5
  1049.1
   527.7
  1266.6
   755.1
   600.5
   535.9
  1057.7
   704.3
  1227.0
   681.9
   634.0
  1968.3
   647.7
   637.1
  1912.5
   998.3
  1119.1
   691.1
   589.5
   502.3
   529.5
   549.6
   966.5
   865.2
   876.3
  1121.8
   505.6
   647.4
   771.4
   702.4
  1833.1
   768.1
   917.2
   853.8
   599.0
  1636.4
   596.4
  1127.4
   697.7
  1127.4
   671.8
   910.7
   608.2
  1204.7
  1335.6
   530.4
   972.0
   501.9
   667.8
   786.1
   571.0
   559.7
   708.7
   856.3
  2068.3
  1700.2
  1317.0
   555.9
  8602.9
   779.6
  1915.5
   529.5
  1044.3
   574.1
   660.6
  1010.4
  5716.2
 11882.9
  1354.9
  1077.1
   530.3
   910.4
   824.3
   683.6
   526.6
   534.8
   625.2
   915.7
  2167.6
  1095.8
   836.0
   576.1
  1154.6
   644.7
  1143.8
   547.2
   513.2
  1134.6
   565.2
   762.5
  1161.9
   512.7
   652.4
  1556.2
   768.7
  3232.9
   504.2
   775.7
   657.7
  2728.7
  1934.2
   558.3
   583.4
   644.6
  1171.6
   540.4
   653.1
   570.2
   748.5
  1977.2
   739.9
   532.4
   787.5
  1316.9
   605.2
   997.2
   726.3
   830.1
   771.6
   797.5
  1517.8
   715.8
   602.3
   602.5
   736.0
   511.6
   677.3
  1658.7
   554.2
  1042.0
324323.0
   767.9
141414.0
   767.5
118369.0
   593.3
 13002.3
   672.3
271633.0
   672.7
  9505.9
  1054.8
  7019.2
  1131.8
  1060.4
   584.3
  1174.8
   604.6
   682.4
  1152.4
   748.4
   740.4
  3678.1
  4245.8
  1331.1
   881.1
   768.0
113563.0
 72733.1
  5085.4
  3707.9
  3801.3
  1356.7
  2178.5
  1239.5
  1285.1
   629.3
   833.6
  2386.1
   514.2
   519.5
   592.9
   735.8
   652.1
   595.2
   971.6
   738.3
  1133.5
   887.2
  1818.0
  1042.3
  1328.3
   598.3
   905.8
   862.2
   555.9
  1473.8
   719.5
   513.9
  1083.0
   520.2
   777.5
   698.9
   651.9
   910.2
   799.4
   517.8
   860.4
  5250.4
 17083.2
   649.3
  8653.8
  1471.1
 15108.7
  1805.0
   983.9
 22879.6
   517.4
  1035.5
  2237.7
   657.9
   780.2
   692.6
   972.2
   571.2
   569.5
   539.6
   528.8
   936.6
   714.5
  1045.4
   535.8
   775.8
   987.4
   580.9
   863.1
   772.7
  1162.5
  1033.6
  2042.2
   800.5
   623.9
   533.0
   610.9
   670.5
   647.1
   613.4
   664.0
   507.5
   509.4
  1158.1
  1374.3
   702.5
   549.6
  1516.0
  1518.7
   619.5
  1172.5
   667.8
   717.7
   829.6
  1278.5
   946.8
   659.9
   702.0
   588.4
   569.3
   668.7
  1028.6
   543.9
   793.5
   536.2
   704.0
   804.9
   645.6
  1176.2
   523.4
   671.0
   511.1
   555.3
  1334.6
  1013.6
   532.7
  2771.6
   565.8
  2959.6
  1856.8
   948.6
   593.1
   836.9
   608.4
   797.9
  1337.0
   768.8
  1041.0
  2918.7
   554.0
   580.3
   688.8
  4110.2
  1905.1
   703.0
   669.4
   580.2
   678.3
  4132.8
   725.1
  2742.4
   623.3
   533.9
  1041.0
   555.2
   604.3
   613.1
   608.1
  1751.5
   567.4
   684.7
  1030.2
   547.3
  5000.0
   545.4
  1182.0
   745.5
   786.7
   566.4
  1100.4
   595.2
   830.7
   641.6
  2872.3
   991.4
   527.7
   559.4
   645.0
   565.8
  2068.4
  1274.4
   522.2
   514.0
   551.8
   551.9
   716.5
   670.6
  1073.6
   503.1
  1955.8
   686.1
   664.1
   508.0
   601.8
  1019.9
  1333.8
  1465.6
   696.8
   897.5
  1213.2
   800.6
   686.2
   748.3
   675.8
   504.7
  2236.2
   515.3
  1056.8
   644.2
   863.3
   501.7
  1060.9
   549.5
   572.0
  1623.8
   749.4
   808.0
   660.8
  1425.9
  2115.1
   652.3
   921.6
   506.1
  2443.5
  1120.9
   630.6
   812.6
   680.7
   721.0
  1043.5
   533.4
  1444.4
  1062.1
  2371.5
   699.1
 18486.1
  1074.2
   544.9
   658.4
   516.2
   938.6
  1014.9
   676.6
   580.5
  1250.3
   785.7
   591.2
   574.9
   815.7
  1243.2
   757.4
   712.0
   512.5
  2379.1
   731.4
   603.4
   574.4
   577.9
  1444.2
   573.8
   661.4
   888.9
  1102.5
   508.2
   685.9
   512.8
   650.2
   920.5
   549.7
   839.8
   566.2
   678.6
   512.1
   927.3
   992.6
   604.8
  1706.0
   947.6
  1347.0
   852.9
   569.2
  2866.9
   506.8
   875.8
   622.8
   719.2
   707.9
  1099.7
  1382.9
   685.2
   787.9
   903.0
   568.4
  1130.3
   579.0
   687.2
   565.2
   927.3
   818.9
   626.1
   632.2
  2581.7
   542.1
   817.4
   629.6
  1429.5
   567.2
   718.2
   561.5
  1744.1
  1333.5
  2590.0
  1500.9
   565.9
   610.4
   854.6
   582.8
  1135.1
   760.0
   646.0
   559.0
  1401.8
  1277.3
   898.1
  1045.7
  1269.7
   513.4
  1032.0
   648.6
  1043.3
   862.5
  1777.7
   710.7
  1261.7
   684.9
   999.7
   587.5
   512.0
   747.3
   513.2
  1039.5
  1006.6
   542.1
   732.2
   694.5
   666.0
   678.2
   624.0
   540.6
   682.5
   592.7
   798.9
   753.8
  1189.3
   590.3
  3680.0
   910.1
   679.4
   629.8
   932.4
  2122.9
  1550.5
  1487.8
   674.6
   701.4
   618.5
   811.6
  1044.2
   744.5
  2078.1
   538.2
   908.3
   570.3
   541.3
   647.4
  1083.4
  1738.6
   998.0
   576.9
  1601.8
  1348.8
   527.6
  1645.3
   526.6
  2397.4
  1454.7
  1527.5
   673.5
   815.4
   689.2
   503.3
   564.6
   637.0
   762.8
   605.0
   565.1
  3592.9
   668.0
  1106.2
  1584.9
   561.3
   783.1
   552.7
   757.6
   957.9
   601.6
   511.0
   502.3
   512.5
   707.2
   548.7
   638.0
  1129.6
  1034.5
  2767.6
   911.3
   929.7
   686.4
   582.3
   713.3
   582.6
  1210.0
  1020.4
   881.7
  1018.9
   702.4
   863.9
   516.5
  2056.0
   519.3
   550.7
   949.7
  1693.7
   574.8
  1873.0
   540.0
  2011.4
  1930.8
   798.1
  1467.1
  1284.9
   551.0
   669.2
   788.3
   567.6
  1414.6
   783.9
  1501.4
   527.3
  1503.9
   696.3
  4374.3
   893.2
   730.5
   659.5
   561.1
   509.6
   706.9
   658.4
   579.5
   775.5
  1119.2
   678.1
   661.8
   576.3
  1131.9
   787.4
  1679.2
   828.3
   726.6
   551.7
   799.5
  1025.2
   665.7
   681.3
   934.5
   748.4
   554.5
   677.1
   636.6
   650.4
   539.8
   828.3
   869.6
   940.7
   583.9
   730.8
   651.5
  1380.5
  1066.7
   605.7
  1104.7
  1398.9
  1229.5
   507.1
   500.7
   549.2
  1272.7
  1512.2
   749.3
   602.4
   633.4
  2303.9
  2122.6
   920.8
  1070.4
   514.2
   898.6
  1199.1
   675.0
   714.9
  1281.9
  2759.9
  1541.8
   694.2
   574.3
  1235.4
  1047.1
   546.6
  1808.9
   503.3
   609.2
   846.3
   615.0
   769.6
  1279.7
  1688.6
   774.8
   771.2
  2974.8
  2473.1
   550.5
   927.9
   805.8
  1010.5
   560.6
   717.2
  2436.5
  2257.7
   685.5
  1437.4
  1148.0
  1599.7
  1964.3
  2581.6
   629.0
  2749.5
   968.2
   502.6
   676.5
   866.4
   505.9
   502.6
   717.5
  2284.3
  1046.9
   676.5
  1029.9
   722.5
  1487.5
  1833.5
   657.0
  1236.4
  8078.2
   606.8
   543.8
   732.0
   797.4
   788.8
  3506.4
   604.6
  1357.8
   661.4
   525.2
   535.8
   605.0
   923.6
   733.9
   725.8
  1393.2
  2372.0
   513.7
   802.1
   957.5
   504.2
   517.3
   509.4
   659.1
   699.6
  1049.0
   765.9
  1043.7
   664.2
   715.7
   511.1
   722.8
  1452.8
  1844.8
   644.0
  1186.9
  1045.7
   564.2
   594.8
   861.7
   567.0
  1196.8
   875.2
   884.9
   661.1
   959.7
   563.8
   803.3
   710.0
   653.6
   673.3
   521.6
   880.6
   615.6
  1008.5
   752.7
   834.4
   956.2
  1492.1
   578.4
   719.9
   582.7
   544.8
  2717.9
   877.8
   514.6
   508.9
  1691.2
   570.0
  2734.1
  1471.7
   513.9
   531.1
  1683.8
   503.4
   777.5
   530.2
   888.2
   568.9
   655.7
   556.4
  1268.9
  1849.3
   847.4
   547.9
   612.9
   828.2
   748.4
  2353.8
  1329.1
  2866.2
   930.5
   547.3
   580.8
   699.2
   610.2
   550.1
   544.8
  1084.4
  1263.0
   525.2
   509.0
  1594.9
  1114.5
   529.9
  2758.7
   513.5
  1497.4
   584.0
   530.1
  1014.1
  1233.2
   871.6
  2056.6
   515.2
   810.4
   534.1
   914.8
   598.3
   624.4
   533.2
  1642.6
   527.9
   839.3
  1062.1
  1325.2
   567.2
   595.5
 15010.0
   902.4
  1106.1
  1603.3
   577.5
   618.9
   521.1
   780.7
   539.5
  1755.0
   995.2
  1962.6
   671.4
   576.9
   678.4
   502.7
  1276.2
   567.1
   527.3
   508.9
  1090.7
  2104.2
   844.2
  1268.4
  1091.2
  3409.2
  1096.2
   566.3
  2024.8
   961.9
  1787.1
  1185.9
   564.7
  1875.1
   602.3
   896.0
   532.9
   714.3
   529.9
   908.1
  1255.9
  2272.4
   950.4
   594.0
   518.6
  1449.4
  1480.8
   887.4
  1075.0
   601.9
   726.9
  1198.3
   626.6
  1036.7
  1400.1
   687.8
   519.3
  1036.6
  3754.2
  2043.1
   531.0
   957.4
   604.5
   653.9
  2576.5
  1335.9
   862.2
   512.9
  1389.7
  1101.6
   614.4
   512.5
   857.6
   738.7
  2259.6
   527.2
   942.9
   770.8
  1240.9
   745.7
   895.8
   866.5
   771.1
   719.2
  1313.5
   582.7
   770.6
   505.4
  1882.8
  8283.1
  1156.4
   759.6
   533.0
   660.5
  1090.0
   518.4
   919.2
   560.0
  1970.7
   622.1
  4742.6
   690.4
   617.2
   521.9
  1274.6
   594.8
   934.1
   524.0
   937.0
   563.4
  2257.7
  1051.6
  1091.4
   669.5
   769.6
   523.2
   672.6
   626.0
   630.2
  2613.0
   530.7
   739.6
  3823.1
  1259.7
   726.7
   523.6
   500.4
   620.9
   776.0
  1409.7
   693.4
   761.3
  1636.5
   522.3
   556.9
  1810.6
   678.7
  1313.2
   731.1
  1542.3
   823.7
   658.3
   629.0
   609.3
  1508.6
   623.2
   616.1
   587.2
   622.4
   574.7
   520.2
   598.0
   979.8
   859.9
   789.4
  2292.0
  2364.3
  1354.0
   803.9
   790.0
  1894.5
  2163.8
  1101.7
  1511.8
   731.0
  1156.6
   651.6
   617.7
   539.5
   675.9
   641.3
   529.5
  1131.0
  1798.4
  1226.0
  1807.8
   544.7
   788.4
   947.4
  2370.8
   544.2
   519.0
  1036.6
   511.6
  1474.1
  1227.7
   509.1
  2003.4
   531.2
   528.2
  6252.7
   835.0
  2898.1
  1198.0
  1754.9
   965.2
   550.5
  1247.4
   802.9
   614.3
   847.2
   843.9
   515.1
   669.7
   644.8
   720.8
  1586.2
   760.6
   605.9
  1394.5
   512.6
   548.7
   665.1
   952.6
   512.4
   711.4
  2086.4
   570.4
   759.7
   610.1
  4233.8
   624.8
   762.9
   668.0
   796.7
   521.1
   669.3
  1111.2
  1374.6
   509.0
   880.9
   897.5
  1527.3
   518.0
   650.8
   678.6
   909.4
   860.6
   779.5
   752.1
   580.7
   521.6
  1004.9
  1047.3
  1107.3
   870.2
   799.7
   650.7
   591.9
   611.6
   623.4
 40849.9
   637.5
  1024.5
   603.6
   671.7
   525.7
  1070.6
   751.1
   518.8
  1017.2
  2612.0
  2175.1
  3314.5
   639.0
  1290.4
   945.7
   511.0
   826.4
   553.7
   510.6
   733.7
  2044.4
   532.9
   526.4
  2614.7
  1597.8
   982.1
   885.4
  1057.2
   503.9
   625.4
   743.1
   735.8
   551.3
   559.0
  1093.4
  2884.6
   842.1
   762.8
   534.9
   899.6
   522.0
   729.9
  1875.1
  1082.9
   654.7
   562.3
   677.1
   742.9
  2240.1
  1012.0
   631.0
   910.1
   800.5
   507.5
  1037.6
  1029.5
  1536.1
   770.3
   549.5
   792.2
   613.0
   971.1
   505.5
   578.0
  1017.2
   978.7
   740.0
   698.7
   542.9
   603.0
  2952.2
  1949.6
  1460.8
   534.1
   565.1
   688.0
   830.0
  1054.3
   922.5
   540.4
  1338.5
   538.3
  3336.4
   593.3
  1331.5
  1026.5
  1188.9
  2756.2
  2393.7
   734.2
   774.4
   614.9
  1062.1
   547.7
   529.8
   585.7
   520.6
   542.5
   794.0
  2280.0
   935.8
  3109.1
  2227.9
   612.5
   729.2
   602.2
  1599.5
   625.8
  2297.7
  1001.0
  1118.0
   710.1
  3711.6
   543.0
   573.9
   659.5
  3152.1
  1788.6
  1362.7
   694.7
   506.7
   550.8
   534.5
   993.1
   716.3
   530.6
   902.6
  1212.5
  1158.5
   504.2
   521.8
  6203.9
  1080.1
   628.2
  3079.2
  1276.5
   746.4
   603.8
  1247.1
   700.6
   740.8
  1213.7
   775.4
   729.4
   633.4
   506.0
   863.1
   923.7
  1116.3
  1166.4
   530.2
   589.0
   551.4
   567.5
   558.3
   653.5
   525.6
   826.1
  3411.8
  2185.2
   769.4
   612.0
  1226.5
   709.6
   584.2
   542.7
  1263.8
   632.0
  1047.5
  1110.1
   583.7
  3236.6
   718.9
   570.5
   619.0
   699.3
  1034.4
   559.7
   656.4
   854.1
   936.3
  1082.8
  6522.1
   506.9
   645.3
   558.0
   508.1
  1555.3
   827.8
   994.6
   637.8
   677.5
   503.4
   805.0
   837.3
   532.4
   685.4
  2964.2
   640.7
  1964.4
   536.1
   573.0
  1557.2
   819.6
   592.8
   535.2
   735.1
   526.9
   641.7
   695.4
   518.0
   881.7
   630.8
   703.1
  2086.7
   902.2
   762.5
   502.5
   720.8
  1095.5
   877.4
   596.8
   721.2
   598.4
   555.1
   563.6
   572.5
   726.8
   611.0
   665.3
  1392.2
  1171.0
  1274.7
   638.2
  3861.6
   615.2
   629.9
   672.8
   527.3
   986.2
   514.8
  1788.3
  1146.5
   680.1
   795.6
   638.9
   541.4
   729.7
   643.3
   632.9
   614.2
  1686.2
   500.6
   781.5
   967.8
   942.5
   544.1
  1122.6
   535.9
  1805.8
  1609.3
   986.2
   680.6
   757.7
   517.9
   568.1
  1250.3
   564.7
   852.4
   539.0
   508.1
   851.5
   654.2
   783.2
   704.2
   544.1
   676.3
   904.8
   824.5
   574.2
   658.1
  1110.6
   590.2
   770.3
  1077.1
   890.9
   716.0
   539.2
   753.1
   720.0
   528.9
   558.9
   921.6
   794.8
   908.3
  1397.0
   929.0
  4187.9
  2065.1
   703.2
  1201.0
  1545.2
   554.2
   914.6
  1801.9
   774.6
   528.0
   583.1
   762.8
  1112.8
   740.9
   632.1
   570.6
   639.9
   739.5
   672.3
   622.7
   600.1
   600.4
   500.1
   769.6
  1405.2
  2710.1
   508.6
   696.6
   761.1
   841.2
   513.4
  3305.7
   516.2
   519.6
   748.5
   828.0
   730.1
   654.6
   502.1
   959.8
   695.2
   500.1
   532.6
  1071.9
  1320.2
   623.6
   593.2
   788.5
   559.2
  1155.1
   736.3
  1021.8
  1034.4
   956.5
   610.9
   615.7
   783.1
  1021.5
   553.4
  1198.3
   618.0
   963.0
   501.0
   696.3
  1504.7
  1069.0
   541.4
  1253.1
   525.1
   779.0
   682.4
  1727.5
   988.4
   681.3
   721.2
   522.1
   539.3
   680.8
   613.2
   600.9
   662.7
   624.7
  1792.1
   650.8
  1453.6
   898.1
   558.0
  1105.6
  2143.0
  3220.2
  1101.3
  2875.1
   507.6
   560.5
   574.6
   550.7
   578.4
   646.5
   719.7
   622.7
  1245.0
   726.5
  2799.6
   505.9
   732.1
   628.6
   618.8
   838.4
  1206.4
  1252.3
   504.7
   644.4
   518.2
   898.1
   599.9
   513.8
  2339.4
   767.4
   738.0
   644.2
   585.6
   518.7
   985.6
  1114.2
  2524.8
  1065.6
   558.5
   531.0
   868.6
   568.8
  1033.1
   722.8
   609.2
   621.8
  1348.7
   621.9
   841.3
   773.3
  1090.0
   704.6
   824.8
  1221.6
  1481.3
   505.1
  1029.9
  1184.2
   894.6
   799.3
   695.1
   512.1
  1194.8
  1017.7
  1336.3
   625.2
   819.2
   634.8
   798.2
  1466.7
  1595.6
   641.8
  3127.9
   578.2
   685.6
   571.5
   920.9
   570.2
  1927.9
   767.8
   599.1
   717.9
   996.1
   561.5
   919.2
   643.6
   776.1
  1112.2
  1174.4
   529.3
  1730.4
  1741.1
   510.6
  2446.9
  1362.0
   648.9
   587.7
   693.4
   578.2
   700.4
  1721.1
   549.6
   712.7
   525.2
   590.2
   934.0
   874.7
   604.0
  1202.5
   921.2
  2119.9
   688.2
   933.6
  1376.8
   506.7
   873.8
   517.7
   610.3
   536.3
   511.3
   642.0
   580.2
   720.7
   677.1
   736.3
   552.3
   578.1
   716.3
   564.1
   979.5
   926.9
  5622.2
   645.7
   648.1
   666.6
  1195.2
   567.8
   702.0
   560.2
   558.3
  2048.8
   526.4
   999.7
   879.1
   886.6
   844.9
   746.8
  1223.6
   661.1
   514.5
  1667.3
  1567.1
   981.8
  1145.5
   638.7
  1267.8
   682.5
   529.0
   593.1
  1448.8
  1002.9
   714.5
  1059.7
   725.1
   594.9
   527.8
  4224.7
   748.0
  1524.2
  3095.1
  1143.3
   893.0
  1527.0
   870.3
  2179.4
   536.6
  2690.8
   505.6
   687.5
  2570.7
   534.6
   735.1
   535.5
   511.4
  1382.8
   590.4
   921.0
   958.6
  3128.7
   528.4
   863.2
   640.0
   837.3
   868.9
  1014.1
   508.9
   947.6
  3512.4
  1723.5
  1809.2
   666.4
   653.4
  1105.0
  1785.9
  1424.5
   519.8
   712.2
  1434.0
   710.7
  1537.7
   607.9
  1752.0
   600.5
  1803.7
   879.0
   637.1
   739.8
   602.3
   827.9
  1028.3
   783.6
   540.3
   742.8
  1638.4
   540.1
   881.1
   797.7
  2773.9
   542.4
   767.7
   699.2
   688.4
   661.2
   651.6
   697.2
   527.1
   853.5
   684.8
   809.2
  1343.1
  1572.2
   764.0
   511.3
   567.4
  1135.6
   602.2
   532.8
   535.6
  1620.3
   584.9
  6196.1
   586.0
   765.6
   816.3
   613.2
   682.2
   670.6
   551.1
   510.8
   962.4
   635.1
  1591.7
   735.9
   668.0
  2978.3
   981.1
   755.8
   634.7
   813.2
   837.6
   549.1
   506.7
  1021.2
   875.5
   614.1
  1177.9
  1029.4
  1740.6
   663.6
  2030.8
  1191.3
  5564.1
  1112.0
  1156.5
   681.3
   611.4
   690.2
   862.9
   597.4
   605.8
   843.2
  1665.4
   906.1
   529.8
   700.1
  1146.1
   523.1
  2141.3
   716.4
   962.3
   618.8
   552.9
   677.7
   545.6
  1653.6
   580.5
  1501.2
  3719.4
   698.8
   749.7
   908.4
   595.2
   622.9
   589.2
   874.5
   637.0
   660.5
  1108.1
   502.9
   560.5
   650.1
  1979.9
   638.5
   659.9
   739.7
  1905.1
  1417.9
   546.6
   506.3
  1344.2
  1403.6
   720.1
   706.0
   506.6
   925.9
   711.1
  1010.2
   519.8
  2755.0
  1661.7
  1506.8
   557.0
  1295.2
  1116.3
   765.1
   567.8
   571.6
   866.8
  1966.7
   524.9
   504.4
  1047.0
   827.0
   618.5
  1611.0
   536.3
  4066.7
  4581.1
   605.8
   672.0
   516.0
  1064.4
  2845.9
  1168.5
   715.6
   505.1
   692.4
   557.5
   731.6
   805.8
   800.3
   593.9
   704.8
   645.3
   618.8
   733.5
   681.0
  1280.3
   527.3
  2094.4
   522.8
  3177.9
  2834.9
   503.0
   643.5
  1008.3
  1270.4
   688.9
   650.1
  2098.4
   505.0
  1269.5
   644.7
   660.3
  1259.8
   507.3
 54991.2
   525.5
   931.0
  1160.6
   638.6
   539.2
   652.9
   836.7
   648.6
  2705.3
  2393.3
138487.0
  1965.8
  1496.5
   768.8
  1646.7
   807.4
   639.7
   512.2
   615.1
   530.0
   530.7
  1495.3
   510.3
  1423.2
   690.5
  1197.7
   980.0
   680.5
   735.9
   648.0
   564.1
   920.2
   777.9
   572.7
   662.3
   543.2
   827.8
   534.1
   567.1
   504.2
  1518.5
  1062.4
   553.7
   531.0
   823.9
   640.7
  3672.1
   543.0
   627.5
   550.2
  1622.2
   596.0
  2895.8
  1341.8
   793.4
   505.0
   516.2
   550.7
   759.1
   598.2
  1165.2
   679.7
  1204.6
  5135.7
   674.3
   643.8
   742.5
   528.0
   603.7
   688.0
   681.2
   503.5
   678.3
   585.1
   704.1
   700.7
   735.2
   559.2
   832.4
   852.0
   727.5
   559.7
   958.5
   982.9
   935.3
  2288.3
   580.4
   516.6
  1604.9
   554.5
   508.4
  1768.7
  2923.9
   962.7
   554.2
  1834.6
  5290.3
   792.8
  1052.7
   712.5
   672.1
   692.9
  9711.2
   736.9
  5099.6
   646.7
  1291.2
  1161.5
   758.0
   517.8
   686.9
   617.8
   652.0
  1143.7
   929.8
   647.0
   518.3
   792.6
   974.3
   526.0
   560.9
   637.2
  1078.8
   715.0
   715.5
   559.1
   863.3
  1368.9
  1250.9
   777.0
  1387.0
   971.5
   898.0
   945.1
   563.9
   744.6
   575.9
   634.1
   908.9
   729.7
   826.0
   556.4
   526.6
   603.9
   534.2
   711.3
   660.7
  1461.8
   580.9
   784.8
   570.3
   690.7
   753.7
   733.7
  1122.0
   592.4
   506.7
  1863.6
   559.5
  4244.2
   536.3
   855.0
  1636.7
  1686.6
   680.1
   760.7
   734.3
  1169.9
   585.2
  4093.0
   650.6
   609.6
   718.0
   778.1
   615.8
   517.3
   629.0
   586.2
  2422.9
  1304.6
   509.4
   634.8
   838.3
  1098.7
  1269.1
   510.2
   569.6
  1277.7
   667.3
   987.6
   507.6
  1318.2
   570.3
   629.8
   868.5
   528.8
   580.2
   846.8
   934.6
  1468.9
  1092.6
   729.5
  1573.2
   772.1
   670.7
   510.3
   509.5
  2238.0
   842.0
   565.1
  1099.2
   632.2
   905.5
  1368.5
   853.3
   560.9
   531.9
   621.4
   557.0
   599.1
   702.9
   649.9
   875.7
   713.3
   579.3
  1019.7
   637.4
   568.8
  4861.9
   519.0
   768.8
   850.1
   548.4
   664.3
   718.0
   554.2
  1415.1
   716.6
  1252.8
   619.7
   595.7
   596.4
   614.7
   829.0
  1954.5
   520.9
  7052.2
   580.9
 14902.7
  1504.2
   740.9
  1059.7
   527.0
   590.5
  1423.4
  1505.0
   511.1
   861.7
  1309.3
   818.6
  1741.4
   724.5
   523.8
   722.7
   857.2
   928.9
   756.2
   679.7
   591.8
   546.6
  1341.7
  1536.4
   798.4
  2676.3
   706.9
  2958.5
  3358.9
   502.0
   702.2
   828.0
   671.2
   550.9
   901.7
   658.4
   536.0
   708.3
   714.7
   859.5
  1493.3
   840.2
  1600.9
  1026.4
   701.8
   546.7
   582.5
  1127.4
   638.5
  1302.8
   508.4
   533.4
  1039.2
   566.0
  2398.3
  1173.6
   895.3
  1050.6
  1425.8
   503.1
   945.6
   506.0
   616.7
  1906.3
   958.1
  5397.2
   641.9
   555.6
   504.5
   694.5
   924.5
   522.1
  1096.2
  1282.0
  1846.5
  1096.6
   901.0
   960.6
  1270.2
   579.3
   502.3
   965.5
   726.1
   788.0
  1263.0
   851.9
  1900.8
   629.1
  4085.4
   529.4
  1148.7
   757.3
  1537.9
   507.5
   707.3
   733.4
   666.4
   902.0
   768.0
   617.6
   691.8
   578.7
   937.8
  2400.4
  1370.6
  2585.6
  1488.5
   681.8
   591.1
   688.1
  1921.6
   646.5
   558.0
   676.0
   693.3
   807.5
   536.0
   938.7
   788.1
  4307.6
   525.3
   808.5
  1130.7
  1097.1
   783.6
   515.0
   992.8
  1514.0
   849.6
   895.2
   655.3
   624.3
  1140.1
   559.7
   563.6
   778.0
  1119.6
  2008.2
  1368.8
   784.3
   933.0
  1069.1
   500.6
   723.9
   935.6
   812.4
   673.9
   519.3
   954.2
  1316.1
  1142.7
   505.9
   816.6
   645.5
   781.6
   735.2
  1100.5
   793.5
   601.3
   527.2
   688.2
   551.2
   599.4
   738.3
  1226.1
   778.5
   540.3
 22720.1
   846.8
   644.3
   755.8
   711.0
   913.8
   979.6
  1520.8
  1074.4
  1044.8
  1354.5
   673.2
   739.0
   544.1
   517.9
  1091.6
   516.7
  1863.7
  1098.2
   852.7
  1409.4
   759.6
  1469.1
  1430.2
   775.8
   701.0
  1612.6
  1028.4
   619.1
   540.1
  1687.2
  1190.3
   732.0
   565.5
   966.4
  1648.3
  6100.3
   502.7
   787.9
   611.6
   980.0
  1973.1
   772.7
  1233.2
  1295.4
   533.6
  3146.9
   527.9
   664.7
   525.7
   732.6
   540.6
  2268.8
  3247.0
   619.1
   985.2
  1165.0
   706.2
  1035.8
  1063.5
   550.7
  1808.5
  2402.0
   747.4
  1558.7
  1225.1
   559.6
   554.5
   597.6
   624.1
   821.2
   872.5
   843.9
   547.5
  1554.0
  3157.4
   842.1
   577.7
   608.9
  1028.3
   929.9
   675.1
   541.8
  1004.0
   671.3
   620.6
   550.5
   805.4
   522.7
  1012.5
   772.2
   863.9
  1003.0
   912.1
   618.4
   534.9
   578.9
  1303.8
   591.5
   950.3
   816.8
   951.2
  2797.3
   843.8
   517.9
   769.7
   820.6
   743.3
   506.3
  2410.4
   698.8
   578.1
   542.7
  1969.3
   598.9
   524.2
   528.8
   640.4
  1085.8
   514.0
   505.7
   730.1
   721.9
   706.0
  1058.7
   518.6
   963.4
  2543.0
  1880.4
   586.4
  1209.6
   689.1
   632.6
   826.0
  2417.6
   725.8
   826.9
   574.7
   754.1
   955.7
  1113.9
   529.6
   584.7
   995.5
  1666.2
   504.6
   776.6
  1376.1
   549.2
   716.9
  1651.5
   989.1
   568.7
  3006.0
   506.2
   813.5
   598.7
   691.8
   556.0
   530.4
   628.5
   771.4
   887.3
   924.5
   766.6
  1066.3
   518.6
   573.3
  1074.7
   871.2
  1057.1
  1243.4
   942.2
   715.7
  1356.1
   730.7
  1030.5
  1067.0
  1037.3
  1070.3
  1027.7
   638.4
   746.9
   715.3
  4249.9
  1220.7
   508.3
  1495.8
   550.6
   623.5
   674.5
   842.8
   513.7
   610.1
   794.4
   580.9
   517.2
   559.9
   702.9
  1077.6
  7468.4
  1442.1
   699.8
  1200.5
   555.7
   560.0
   783.8
   581.1
   527.7
  2937.7
  1215.3
   550.4
   543.5
   879.5
   881.7
   562.3
  1040.3
   848.5
  1553.1
   648.7
  1774.2
   583.2
   714.4
  1058.0
  3353.8
  3201.6
   648.7
   534.7
   803.3
  1320.7
   521.2
   937.1
   661.7
   739.9
   637.9
   755.8
  2711.0
   513.1
   542.5
   549.7
   512.4
   897.5
   561.5
   953.6
  1268.3
   500.2
   554.6
   910.3
   511.9
  1066.8
   917.4
  3569.3
   527.8
  2258.8
   511.6
   862.1
  1540.3
   532.7
   565.3
   644.7
   576.4
   500.2
  1153.9
   993.5
   883.9
   957.4
   585.7
  2262.7
  2700.9
   781.3
   648.4
   902.5
  3594.2
  1767.5
   738.5
   874.5
   988.4
   529.3
   919.9
   539.3
   785.0
   922.2
  5499.3
   885.9
  1335.2
   858.2
   592.2
   724.1
   587.9
  2041.9
   999.7
   564.2
  2688.0
  1119.8
  1549.1
   806.3
  3927.2
   711.0
  1001.3
   765.7
   777.0
  1106.9
  1184.2
   518.6
   602.3
  1060.2
  2624.0
  1040.9
  1960.0
   745.5
  2865.5
   846.2
   780.4
   636.9
   536.8
   729.0
   604.8
   648.1
   839.1
   599.2
   516.3
   552.4
   588.0
   583.6
  1820.7
  2892.3
   517.8
  1525.0
   577.7
   550.4
   529.7
  1055.3
  1113.1
   595.1
  1103.0
   809.0
   674.7
  1320.4
  1846.9
   625.7
   755.1
   730.3
  1805.6
   681.2
   517.8
   502.8
   536.3
   569.3
   844.3
  2116.1
  1386.8
  1000.6
   539.3
   560.0
  1337.4
   553.3
  1329.2
   529.8
  1508.0
   574.1
  1716.3
  1146.8
   564.1
   644.9
   850.0
   829.6
   604.9
   685.3
   980.3
   857.1
  1010.3
   927.7
  1830.3
   502.3
   956.3
   539.5
   836.0
  1560.2
   632.0
  2795.0
   983.6
   530.0
   542.7
  1249.2
   629.8
   835.3
   584.6
   584.2
  2522.0
   659.9
  3563.7
  2303.3
   666.3
   708.4
   598.2
   683.2
   888.2
   669.3
   663.4
   615.8
   947.7
   530.0
  1393.9
  1094.5
   591.5
  2313.7
  1265.7
  1333.8
   930.4
   589.3
   538.2
   620.0
  1129.7
  1105.9
  1540.6
   847.4
   638.9
   567.1
   688.8
  1214.4
   667.7
   710.6
   706.4
   987.1
  1168.0
   571.0
   653.5
   665.8
   523.0
   741.6
   816.6
   839.7
   852.4
   945.9
   665.4
  2990.6
   748.1
  1932.5
  1015.0
  6167.6
   929.1
   568.6
   527.1
   523.0
   537.4
   715.8
   896.1
   562.3
   971.5
   589.7
   552.0
  4075.3
   987.0
   607.0
  1532.9
   785.8
  2488.1
  1200.9
  1078.3
  1245.3
  1376.6
   617.7
   662.8
  1319.1
  1024.0
   632.4
   547.4
   621.7
   925.3
   505.2
   599.2
   654.6
  1392.0
   601.7
  4908.2
   593.0
   623.1
  1238.6
  1872.7
  5034.8
  1271.0
  1171.1
   856.0
   592.9
   832.0
   615.8
   509.3
   511.4
   559.3
   742.2
   722.3
  1401.9
  1246.6
  4024.1
  1024.8
   542.2
   961.1
   632.4
   855.2
   561.7
   925.3
   661.5
   593.5
  1484.4
   663.7
   640.3
  1748.5
  1143.4
   934.3
   771.9
  1213.5
  1385.0
   627.5
   860.5
   661.1
   562.0
   754.5
   872.9
   684.5
  1642.9
   695.3
   898.7
  1037.8
  1993.9
   656.6
   694.4
   653.4
   640.3
  1219.2
   541.6
  1080.5
   631.0
   832.3
   511.8
   652.2
   895.1
   905.1
  1030.2
   593.3
   523.3
  2725.6
   526.5
   791.9
   523.4
   931.1
  2612.7
  1094.4
   712.6
   784.4
  1030.7
   531.1
  2521.2
  1708.3
  1677.4
  2285.8
   663.3
  1245.4
   532.9
   536.9
  1108.4
   617.9
  1724.0
  1998.6
  3678.7
  1205.1
   587.2
  3018.7
   500.9
   520.1
   547.0
  2052.0
   628.9
   848.5
   508.8
   560.8
   873.3
   508.1
   809.2
   650.4
  1294.2
   936.2
  1733.7
   701.2
   800.8
   536.3
   506.8
   613.3
   940.0
   520.3
  1056.8
   862.3
  5001.9
   789.1
   653.6
   821.9
  2726.0
   516.7
  1336.1
  1061.6
   691.0
   563.9
  1198.9
  1134.1
  4610.8
   729.3
   969.5
  1022.2
  1291.0
   851.6
  3458.2
   664.5
   642.3
   509.4
   685.7
   522.8
   976.4
   528.7
  1853.9
  2070.1
   640.9
   844.6
  1720.1
   732.0
  7098.6
  1418.1
  1067.4
   577.5
  3666.2
  1330.4
   525.6
  1336.4
   548.2
   725.8
   898.3
  1976.2
   528.1
  1994.0
  1159.4
   633.2
  2139.0
  2130.2
   700.5
   548.8
  1075.7
  1941.3
  1285.2
   609.8
   518.5
   523.6
   535.0
   557.2
   577.1
   713.8
 11157.2
  8480.9
 23546.8
  3428.6
   507.3
   841.2
  1140.2
   784.0
  1328.5
  1558.0
   901.3
   673.7
   926.5
   723.5
   562.6
   612.4
   744.3
   724.7
   568.0
   586.5
   939.6
   832.3
  1035.1
   872.1
   859.2
   745.7
  1412.5
   612.3
  1533.8
   828.6
   529.3
   780.0
   589.7
  1466.6
  1891.8
  3598.6
  8627.1
   514.0
   539.2
   795.8
   555.2
   770.6
   537.3
  1727.7
   552.1
   608.6
  1777.0
   693.0
   604.7
   592.0
   949.3
   584.6
   968.1
   789.6
   748.9
   918.0
   651.7
   558.4
   536.5
  1413.9
  1167.6
   605.3
  3074.7
  1438.9
   710.3
   592.1
  1284.6
   509.3
  1158.7
   885.3
   917.7
   984.4
   613.5
   906.7
   548.4
   580.4
   794.5
   735.8
  1017.3
   955.7
   735.4
   548.9
   681.1
   697.3
   572.4
  2116.6
   578.6
   641.8
   741.9
   550.6
   973.8
   680.5
  1604.1
   528.1
  1344.1
  1865.5
   516.1
   503.0
  1043.9
   919.7
   550.8
   611.1
  1848.9
   608.3
   633.3
   941.7
   522.4
   919.6
   571.1
  5181.0
  1351.8
  1128.3
   790.6
  3361.9
  3855.2
  1027.8
  1133.9
   585.5
   598.4
  1906.8
  1495.2
  1173.9
  1132.5
   933.2
   716.5
  4137.1
   648.8
   506.1
   685.4
  1182.9
  2690.6
  2180.1
  1060.5
   623.2
  1320.9
   960.5
   667.9
   602.8
   674.5
  1071.1
   685.2
   541.7
   509.7
   606.8
   734.1
  2074.9
  2399.9
   533.0
   623.6
  2170.8
 18092.3
  4070.2
  5795.9
   632.3
   695.1
  1574.9
   542.5
   731.2
   521.3
  2254.8
  2740.6
   614.2
   935.4
   519.7
   793.4
   685.5
  1742.8
 20606.0
   709.0
   555.4
   637.1
   849.5
  6085.6
  4063.3
   510.5
 20229.2
   504.3
  4490.1
 31223.5
   522.1
   657.1
   680.7
  9464.4
  2381.9
  1979.4
   797.9
   567.2
  1001.0
   854.1
   799.5
   512.6
   507.9
  1271.1
  1511.9
   819.2
  2002.5
   977.2
   579.9
   807.0
   565.5
   539.0
   780.3
   723.9
   501.2
   717.7
   515.2
   504.4
   760.6
   706.4
   765.5
   909.1
  1079.0
   529.8
   781.4
   579.2
  1601.2
  3767.3
   518.3
  3768.3
   630.9
   513.9
   512.5
   567.9
   680.9
   565.7
   516.8
   943.4
   531.0
   595.7
  1853.8
  1890.9
   644.0
 23227.3
   500.9
  1145.0
   936.7
   549.3
  2276.2
   564.1
  1571.0
  1338.9
   842.9
  1162.5
   532.2
   516.6
   626.6
   679.4
   913.9
  2082.3
  1330.0
   637.6
  1469.3
   603.9
  1240.3
   682.1
   585.3
   530.4
   670.4
   964.5
   828.0
  6805.1
  1339.2
  6770.1
   570.9
  1825.0
   505.4
   514.1
   794.1
   505.0
   508.3
   561.0
  1118.2
   720.8
  1027.4
  1019.2
   934.7
   630.1
   602.3
  6453.2
  2771.3
  5143.3
  5325.4
  4926.8
   649.1
   815.9
   517.0
  1193.8
   575.5
  1831.2
   536.8
   940.9
   590.6
   607.0
  1048.9
   555.2
   646.1
   597.2
   576.1
   546.5
   983.1
   714.5
  5990.2
   649.7
   595.2
   510.7
  1707.7
  1795.3
  1257.3
   796.4
  1455.8
  1087.5
  2196.4
   623.7
   644.5
   572.6
   555.3
   832.5
  1326.2
   885.7
   512.2
  1707.5
  1692.6
  1315.0
   713.0
   531.2
   544.1
   758.8
   898.3
  9897.1
  4880.3
  4030.5
   762.2
   806.9
   777.9
   700.9
   887.5
   571.5
   935.7
   690.8
   557.4
  1082.4
   660.4
  1354.7
   665.6
   848.2
   890.4
   595.4
   568.3
   682.1
  1202.7
  2135.5
   774.1
   500.1
  1232.0
  1410.7
   523.8
  1784.8
  1977.4
   949.0
   704.5
  1954.3
   665.7
   874.9
  2795.5
  3416.8
  2906.0
  3644.9
   623.1
   569.4
   675.1
  1181.4
  1062.4
   634.8
  7402.0
 13275.3
161188.0
 23858.1
  9489.1
 25020.1
   517.3
   679.4
   878.1
   548.4
   780.1
 12904.0
  8019.4
  3808.0
   825.2
   943.8
  9732.8
 13131.8
 14178.5
   968.6
  8694.9
  1612.7
 13696.2
  5076.7
  1145.0
 17029.2
   764.9
  2276.5
  1054.6
   961.0
  5113.7
  1286.2
  6286.2
  5830.3
  2209.9
  1094.2
  1990.4
  1028.1
   771.4
   961.5
  1410.9
   876.0
   878.1
   800.5
   877.2
  2905.2
   860.2
  1366.7
   540.7
  1111.8
   972.5
   935.8
  2532.5
   526.1
  1529.6
  1966.6
  1568.6
   647.3
   615.9
  2742.3
  1148.0
   533.8
  1588.7
  1052.1
   708.7
   584.0
  1016.8
  1821.1
   735.0
   906.3
   607.2
   810.0
   535.0
  2457.2
   745.3
  1267.7
  1585.8
  1086.2
   515.6
  1248.5
   511.4
   653.9
   675.5
   650.6
   676.6
   657.0
  1047.4
   572.4
  1471.8
   646.8
   622.6
   861.6
  1223.6
  1125.4
  1098.0
   591.7
  1936.5
   581.4
  1719.6
   625.3
   877.2
  1022.2
   765.6
   559.4
   654.2
   725.0
   639.7
   577.8
   782.0
   843.9
   852.4
  1444.1
  1395.4
   500.4
   504.5
   857.9
   742.1
   645.0
   567.2
   773.3
   717.2
   541.5
   650.6
   582.0
   744.6
  2416.3
   771.5
   581.2
  1537.8
  2782.4
  1088.4
   738.3
   584.0
   601.6
   623.4
   511.0
  1251.5
   765.0
   587.0
   544.4
  4933.7
  2223.2
  1018.8
  1050.1
   726.5
   529.0
  1699.6
   692.0
   663.6
   509.2
  1495.1
  2273.0
  1699.7
  2070.0
   721.8
  2895.9
  6995.1
  1839.0
  2228.9
  4390.5
  4959.0
  1350.5
   878.0
  1000.7
  1272.8
   868.8
   642.9
   516.4
   529.9
   533.4
   977.4
   511.4
  1579.8
   552.6
  1492.5
  1885.9
   871.4
   816.3
   592.1
   545.9
  1253.5
  1028.7
   675.5
   608.9
   529.5
   831.9
  2109.9
  2525.1
  4730.6
   728.8
  7450.6
  9081.0
 19686.3
   713.6
   744.3
  1418.8
   726.0
   944.5
   691.5
   680.3
   926.9
  3818.2
  4214.3
   816.5
  1598.1
  3793.4
   968.1
   557.5
   762.2
   739.1
  1115.1
   538.4
  1345.7
   590.1
   682.2
  1030.6
  2109.4
   636.3
   602.3
   676.3
   658.8
   930.3
  2761.8
   734.8
  8067.7
   573.7
  3109.2
   723.9
   885.0
   630.6
   645.7
  3307.9
   877.0
   545.9
   781.1
   848.8
   563.9
   552.7
  1462.6
   725.7
  2738.9
  2828.2
   996.6
  2017.1
   561.4
   528.3
   813.9
  1293.5
   912.2
  1078.9
  1332.1
  1184.7
  1735.1
   670.3
  1408.0
   817.9
   880.3
  1479.5
   986.4
   944.5
   793.1
  1078.7
  2399.9
   901.8
  1116.9
   888.7
   667.3
  1380.4
  2862.0
  2286.1
  1115.2
  1110.1
  1353.3
   540.5
  1837.9
  2325.4
   942.1
  1101.5
  1041.2
  1018.6
  3506.7
   709.7
   506.4
   778.7
  1165.6
   904.6
   776.7
   914.7
   635.9
   681.1
  1309.4
   620.1
   512.8
  1729.1
  5835.2
   507.2
   663.3
   744.1
   513.4
   502.0
   630.6
  3194.6
   527.1
   603.2
  1320.7
   968.3
  1411.7
   677.4
  1369.6
   551.8
  1170.6
   562.1
  1116.0
  2898.1
   724.2
  4417.0
   596.0
   547.1
   644.7
   550.1
  1112.2
  1035.9
   557.7
   513.3
   872.0
   514.3
  1416.3
  1147.1
  1158.9
   509.9
  1002.5
   573.4
  2708.2
   712.9
   501.3
   723.8
   840.3
  1309.5
   563.8
   838.6
   724.5
 13752.5
   629.3
  7237.8
   647.1
  2924.3
  1036.7
   748.5
   531.2
  1115.7
   867.4
  1604.6
   641.0
  1771.0
   592.2
  6456.1
   725.7
 10896.3
  2206.0
  1353.3
  2336.5
  1411.2
  1101.6
   538.4
   665.6
   935.4
  4091.2
   986.7
   601.1
  2152.1
   525.5
   731.0
  1601.8
  1303.8
   851.5
   791.1
  1824.0
   937.6
   589.5
  2644.1
  3336.6
   752.2
  2138.3
   792.8
  3348.5
   827.4
   806.6
   587.6
  1002.9
   524.9
   513.0
   660.9
   964.6
  1919.7
  1770.4
   824.1
   515.5
   745.8
   576.1
   524.2
   770.3
   762.0
  1818.8
  1151.4
   688.9
   716.7
  1626.4
   707.7
  2454.6
  2389.3
  1450.8
   560.3
   528.7
   575.7
  1054.8
  3043.7
  3519.3
  7074.8
  1315.7
  2681.6
  4644.1
   910.7
   743.0
   666.2
   523.8
   593.9
   800.4
   630.4
   606.4
   603.0
  1390.0
   818.2
   515.6
   789.0
   565.0
   744.9
   750.8
   794.9
   843.4
   563.1
   662.1
   574.6
  3050.5
   618.6
   519.6
  2815.3
  5036.4
   629.2
  6519.5
   797.6
  1074.8
   580.3
   576.4
  1644.6
   898.3
   806.1
  1345.1
  1183.4
  1567.8
   795.9
  5596.8
   556.6
   701.5
  1706.8
   997.6
   794.3
   506.9
   667.0
   642.7
   502.3
   534.7
  1009.5
   513.8
   857.2
  4509.6
   758.0
   742.4
  2383.2
   792.9
  1552.8
  3056.6
   917.3
  2928.4
   565.8
  3035.0
   596.5
   800.0
  4137.1
   814.7
   735.5
 10845.3
  3257.9
   525.9
  6187.0
   551.7
   635.6
   603.0
   673.8
   532.7
   525.4
   516.2
  1014.4
   640.7
   517.4
  4992.5
   631.0
  2172.5
  3002.8
   653.3
  1459.8
   712.9
  1449.5
   823.0
   510.8
   529.6
   839.9
   546.3
   655.4
   690.5
   780.8
  1330.7
  4600.0
  2948.5
  1214.0
  2061.2
   519.1
   576.2
   578.2
   517.1
   828.0
   805.6
  3313.7
   681.6
   540.6
  1283.1
   743.4
   550.7
   861.2
   654.7
   656.5
  1663.0
   559.1
   722.5
  1089.6
  1108.6
   566.5
   911.2
   582.0
   526.2
  2875.9
  1035.3
   648.1
   747.8
   501.9
   884.0
   783.6
  2131.2
 10386.1
  3331.4
  2092.9
   673.9
   802.0
   695.1
  1345.2
   611.8
  3706.5
   540.8
  3203.8
   523.0
   681.1
   546.4
   772.8
   904.3
   921.5
   880.5
   603.0
   772.0
   821.5
   727.2
  1084.4
   605.3
   569.5
   794.6
   815.2
   925.4
   856.0
   670.6
   559.8
   825.1
   518.5
   712.2
   698.3
   926.7
  2741.4
  2665.6
  4146.6
  2501.0
   559.8
   566.8
   526.9
   682.0
   516.8
   916.3
   631.6
   752.1
  1524.4
   885.8
 31205.5
  2642.2
  4973.5
   955.1
   786.4
  1240.5
   953.4
   598.3
  1127.0
  5894.5
  8704.7
  8146.4
  2713.8
  7105.9
   516.9
   592.3
   735.9
  1685.6
   879.4
   619.1
   761.6
  1595.3
   583.1
   634.1
   555.3
   618.1
   645.6
   549.5
  1954.9
  2617.4
   596.7
  2443.7
  1539.6
   573.9
   769.4
  1671.5
  2140.3
  4770.0
   887.5
  1356.0
   653.0
   640.7
   547.6
   583.6
  1435.5
   607.7
  2972.4
   825.3
   628.8
   759.1
   846.2
   539.0
  1000.6
  1198.4
   604.0
   588.2
   587.6
  1512.3
   597.4
  1632.5
   545.8
   609.0
   676.7
   527.0
   928.6
   550.7
   800.0
   755.6
   862.4
   740.2
  1689.1
   590.5
   595.8
   635.5
   551.9
  2995.6
   540.9
   562.6
   538.9
   505.8
   646.1
   532.4
   651.6
  1716.9
   691.5
  4479.8
   590.5
   535.4
   869.3
   954.9
   512.8
   776.6
   909.5
   701.1
  6864.5
  1465.8
  9545.5
   513.1
  2060.8
   580.0
   574.4
   620.7
  1925.1
  3166.7
 13403.9
 36825.1
   625.6
  2175.8
  5419.1
  1575.1
   940.4
  1288.5
  3766.0
   855.1
   796.4
  1190.0
   684.7
 13386.9
   756.8
   553.2
  1044.3
   601.1
  1199.0
   727.4
  2104.3
   956.7
   693.6
  1157.0
  1225.6
   531.7
   597.1
   702.0
   847.8
   538.8
   539.3
   534.1
   535.6
   919.3
  3950.2
   817.4
   633.2
   541.9
   573.3
   511.4
   647.8
  1236.1
   837.5
   990.6
   522.4
   835.2
  1099.0
   726.4
   643.5
   781.8
   664.8
   640.8
  1226.4
   884.4
  1131.7
   779.6
   789.4
  1313.0
   505.4
   721.5
   769.1
   976.5
  1613.9
  1261.7
  1068.5
  1250.0
   825.2
  1018.3
  1288.4
   529.3
   764.3
   625.7
  1274.7
   646.3
   688.7
   606.8
   689.7
   700.6
   729.6
   555.2
   664.6
   504.0
  1164.1
  1458.4
  1001.6
   576.3
   556.8
   601.9
   908.1
   608.4
  1058.5
   787.6
   586.0
   838.3
   538.5
  1286.0
   932.4
  5065.7
  1327.7
   546.2
  6720.5
   562.7
   820.6
   661.6
   583.7
   564.0
  1881.1
   544.2
  1356.8
   603.1
   514.8
  1077.8
  1012.3
   738.6
   702.0
   502.5
   682.3
  1753.5
   862.8
   670.7
   809.2
   815.9
   572.3
   952.6
   590.8
  1037.4
  1259.6
   618.5
   545.3
   661.9
  4028.6
   850.4
   642.3
  1280.9
   500.7
   508.6
   682.2
   593.8
   695.4
   844.1
  1494.4
   885.6
  2900.4
  1305.0
  1415.1
   508.9
  1112.3
   584.7
   815.4
  1777.8
  1375.8
   692.1
   728.0
  2741.0
  2467.6
   724.2
   533.8
   596.3
   694.7
   737.7
   977.7
   516.4
   664.8
   527.7
   549.6
   837.7
  1843.7
   809.9
   956.1
   683.9
  1587.6
   522.2
   528.2
   667.6
  1797.9
   515.7
  1095.1
   510.8
  1493.3
   533.0
   564.6
   617.3
   956.5
   544.1
  1295.7
   582.3
   971.0
  1386.8
   599.4
   755.6
  1054.6
  1576.9
  1860.9
  1081.7
  2483.5
   549.6
739767.0
   878.9
   830.8
858423.0
   897.0
   615.9
   896.7
   761.6
   550.1
  1624.0
  3967.8
   575.7
   602.0
   604.0
  3300.9
  3100.1
  2100.8
  2547.3
   620.3
   516.1
   643.8
   538.1
   510.1
   542.9
   954.0
   798.1
   509.5
  1013.8
   949.6
   627.6
   801.1
   544.5
   505.9
   736.3
   994.6
  1059.6
   890.6
   692.5
   672.6
   857.3
  2185.0
   518.5
  1141.4
   508.4
   583.0
  2470.1
  1465.0
  1042.3
   559.9
  1284.9
   535.4
   934.9
   846.7
   953.0
   727.3
   617.0
  1192.8
  1559.3
  2601.4
   546.2
   619.4
   510.7
 13684.4
   523.3
   864.8
   575.0
  1190.9
   504.4
   917.9
   508.7
  2165.9
   852.9
  1011.2
   668.0
  1807.0
  1157.4
   843.5
  2852.6
   627.1
   577.4
   525.4
   517.9
  1037.3
  2880.1
  6390.7
   667.1
   538.0
  1829.5
   559.6
   843.3
   503.7
  6582.1
  1850.8
  2980.6
  2093.1
  3348.2
   671.4
   799.9
   657.2
  1006.8
  1436.2
  1919.0
   657.9
  1167.0
   853.3
   808.6
   526.1
  3367.5
   959.7
   615.6
   570.7
   629.4
  1069.1
   843.2
   886.5
   557.8
  1268.0
  1225.4
   558.1
  1346.5
   728.1
  1080.2
   771.9
  1529.5
   906.9
  2768.4
   863.7
   943.6
  1463.3
   617.7
  9352.0
  1488.9
  5401.9
   557.6
  3972.3
  1478.1
   990.0
   773.4
   772.8
   725.6
   795.9
  1749.6
   816.2
  1096.3
   898.7
   767.4
  2224.6
  1153.3
  1598.4
   597.7
   553.4
  2246.3
   984.7
   585.7
   883.5
  1071.8
   546.0
  2659.3
  1011.0
  1788.7
   537.4
   531.2
  2519.9
   693.1
   666.9
   550.4
  1717.1
   648.2
   857.2
   915.9
   510.5
   572.0
  1074.1
   613.1
  1334.6
   700.1
   924.7
   733.5
   500.2
   787.3
   608.6
  5700.2
   582.3
   603.8
   513.0
  1044.6
   767.0
  2336.1
   771.6
   503.0
   654.2
   514.5
  1448.7
   535.7
   662.9
   577.7
  6080.8
  7314.0
   854.9
  3391.5
   630.0
  1074.5
   741.8
   612.9
   551.4
  1146.4
   523.0
   500.6
   574.8
   680.8
   650.3
   573.2
   509.6
   622.2
   994.6
   905.3
  2253.9
  1059.7
  1311.3
   508.7
   536.8
   559.4
   598.0
  1006.7
   503.5
   992.0
   515.0
   699.2
   635.1
   539.6
   940.9
  2824.3
   951.5
  1000.7
   548.3
   516.1
   720.8
   667.2
  2282.2
   776.0
   745.0
   873.9
  2417.7
   979.9
   824.7
   684.1
   763.8
   565.0
   586.4
   555.7
   633.2
   769.2
  1824.3
   701.1
   890.9
  1426.3
   602.7
  5143.6
   538.1
   597.9
   988.3
   656.0
   611.0
   543.7
   608.3
   589.4
   644.6
  2726.2
   571.1
   839.7
   636.3
   599.9
   566.5
  1135.6
  1213.2
   719.3
   559.8
   556.8
  1018.1
   840.4
   724.5
   668.0
   571.1
   641.8
  1635.3
   536.5
   626.0
  2050.1
   703.8
  1025.6
   959.5
   652.6
   503.9
  1800.5
   760.9
   606.7
   620.6
   673.7
  1023.3
  3890.3
   682.0
   736.2
   555.4
   526.5
   564.7
   949.0
   508.4
  1362.4
  2500.4
  2564.9
  2209.9
   560.9
  2732.6
   556.1
   579.9
   515.3
  2407.4
   506.1
  1061.5
  1195.7
  1011.7
   698.5
   673.5
  1193.3
   964.5
   708.7
   623.8
   544.4
   937.5
   562.9
  2559.9
   554.2
   981.6
   986.2
  1009.5
   886.0
   516.8
   833.6
  1090.7
   606.5
   816.1
  2332.5
   688.3
   755.2
   550.4
  1035.9
  2791.6
  1397.0
   583.4
  2542.0
   501.7
   757.3
  7802.6
  1329.0
  3393.8
   655.2
  1185.4
  1097.0
  1024.9
   697.7
   818.8
   757.4
   649.3
   685.3
  1578.5
  1049.1
  1610.5
   799.0
   706.6
  1298.1
  1376.5
   539.0
  1086.6
   575.8
  2171.3
   793.5
 10334.8
  1153.6
   571.9
   672.2
   856.7
  1059.6
   724.3
   679.3
  2127.1
   552.9
   845.7
   571.5
   676.7
   554.8
   535.0
   571.9
   589.7
   514.3
   533.8
   712.4
   752.5
   544.3
   705.8
  2058.8
   589.7
  1412.1
  1273.2
   832.7
   518.1
  1796.8
  4098.0
  2068.2
   509.8
  1014.1
  1328.7
   837.1
  1769.2
   677.1
   765.6
   641.2
   550.2
   589.6
   914.8
   566.9
  1565.9
  1689.5
   567.6
  1060.0
   833.0
  3472.5
   611.9
   506.6
  1685.9
  1046.8
  2415.0
   512.4
  1449.0
  3732.1
   562.6
   543.7
  1457.8
   579.3
   732.6
   736.7
  1994.9
  1131.5
   607.3
   955.6
   592.5
  1184.3
   688.6
   614.1
   915.8
  1374.8
   718.9
   568.4
  1085.7
   500.2
   839.5
   805.5
   525.4
  1020.7
   542.7
   779.8
   651.4
  1760.6
  1554.3
   627.6
   578.9
  1425.5
   697.0
   535.7
   732.2
   769.6
  1088.8
   934.3
  2933.6
   513.1
  2589.1
  1743.7
   804.5
   527.1
   520.3
   522.9
   710.2
  1820.0
   736.7
   545.0
   528.4
  2666.7
  2210.7
   890.6
  1107.7
   929.1
   880.5
   683.1
   986.7
   642.1
  1971.6
  1243.2
  2865.3
   640.4
   518.2
   680.5
   501.8
  1187.2
   697.0
   591.1
   538.4
   946.0
  1013.7
   989.9
   759.8
   838.3
   538.3
   502.5
   576.8
   647.9
  3530.8
  3322.8
  1589.4
  1164.0
   692.2
   737.6
   899.4
   593.5
   940.9
   787.4
   610.8
   775.9
  1433.0
   567.9
   645.9
  3020.8
  1276.8
   560.0
   754.4
   514.6
   708.7
   606.4
   895.7
   781.9
  1279.0
   566.4
   554.1
   650.2
   769.1
  1291.4
   548.7
   787.7
  6050.9
   501.9
  2878.4
  2817.0
   585.6
   592.2
   643.7
   603.1
   786.5
   506.1
   545.8
   584.9
  2526.4
  6398.4
  1064.7
   573.5
   505.3
   806.5
   534.5
   542.4
   800.7
   552.9
   565.3
   607.9
  2003.9
  1832.4
   856.2
   595.5
   615.6
   577.7
   830.0
   756.0
  1330.0
  1635.3
   521.4
   556.5
  2809.8
  1209.8
   576.9
   546.2
   772.5
   939.1
   790.9
  1202.8
   527.4
  4228.6
  4684.9
   666.9
   764.0
  1879.3
   726.2
  1019.4
   678.0
  1055.1
   553.3
   754.5
   527.8
   519.9
   600.8
   563.9
   780.1
  1084.5
  2218.2
  2023.6
   812.0
   810.4
  1478.0
  1154.8
   547.3
   751.5
  1434.8
   734.1
   703.8
   849.9
   702.5
   901.1
  1080.2
  2059.1
  1278.3
   545.9
   690.2
   694.4
   756.3
   778.9
   882.1
   544.2
  1837.2
   531.0
  7410.6
   560.9
   525.4
   614.8
   659.8
   650.6
   544.4
   529.1
   673.4
   967.3
   639.2
   905.7
   634.4
   968.1
  2066.1
   503.4
   508.5
   516.7
   755.6
   686.8
  1647.8
   920.1
   880.3
   534.8
   838.3
  7201.5
   536.8
  1201.8
   581.6
   980.4
   672.2
   882.7
   529.1
  1102.9
   825.4
   541.9
   586.6
   710.0
  1460.7
  1633.7
   795.4
   548.7
   539.2
  1026.7
   865.2
   661.0
   554.0
   722.4
   581.0
   501.3
   614.1
   536.5
   682.0
   590.0
  1106.1
   885.1
  1021.9
   623.0
   509.8
  1102.2
   665.2
   503.5
  1004.4
   880.7
   539.5
  3214.1
  4408.1
   790.2
  2934.4
   573.6
  1155.8
  1017.3
  1881.8
  2041.2
  1084.8
  1260.7
   515.4
   557.7
   631.0
   817.5
   520.6
   592.6
   565.7
   746.3
   517.8
   707.6
   773.4
   515.0
   566.2
  2272.3
   544.7
  1266.1
  1204.5
   553.3
  1968.8
   981.0
   870.5
  1554.9
  1589.8
  1015.7
   545.1
   803.1
   596.1
  2133.0
   515.3
   664.5
  2293.2
   544.8
   767.8
   514.1
   822.1
   630.1
 12656.8
   626.6
  1888.9
  1435.8
  1423.2
   654.6
  2796.2
  1187.1
  2706.3
   842.0
  1894.7
   575.0
  1899.3
  1342.2
  1279.7
  2103.8
   673.0
   822.7
   670.1
  1248.5
  1320.1
   597.6
   544.4
   573.0
   658.9
   711.9
   509.0
   501.6
   852.1
   950.8
  2719.8
   861.1
   771.2
  1229.4
   537.1
   610.9
  1162.9
  1292.1
   528.4
  1941.1
   538.4
   532.5
   825.2
   684.0
   674.1
   600.0
   506.4
  1487.1
   628.2
   607.8
   948.7
   801.4
   663.0
   521.8
   537.6
   562.3
   854.0
  1019.2
   729.3
   811.0
   619.6
   979.1
  1098.4
   777.9
  1293.1
  1087.1
   524.9
   557.7
  2488.8
  1975.5
   616.8
  1233.3
  1083.2
   650.9
   529.3
  8691.0
  5439.7
  4886.1
  4516.9
  1927.5
  2876.3
  1258.0
   793.1
   825.2
   705.7
   680.7
   785.2
  1218.2
   676.2
   728.3
   580.3
   534.6
   675.9
  1860.3
   941.2
  1027.7
  1080.8
  4675.6
   508.3
  1079.5
   637.1
   526.2
   535.5
  1321.5
   825.0
   521.6
   537.6
   924.2
  1060.8
  2157.5
   862.0
   663.0
   587.8
   541.4
   946.5
  2357.4
   803.0
   741.8
  1470.6
   569.6
   508.6
   942.6
  1317.8
   825.8
  1201.8
   870.8
   536.1
   630.6
   907.3
   721.0
   959.0
  1075.1
   783.3
  1574.4
  1293.5
  1469.6
  1425.4
  2213.6
  1184.6
   832.2
  1250.3
   617.2
  1671.9
373100.0
  1910.4
  2811.3
   586.8
 16075.0
560780.0
431380.0
   752.4
   927.8
 14008.2
  1907.1
 24161.9
339504.0
  1230.6
   875.6
   505.1
   838.6
  1885.7
   893.8
  2895.2
  1793.1
  2228.1
  3954.2
  2665.7
  1373.1
  1845.3
  1884.8
   664.1
  1136.1
   587.8
  1223.5
  1548.9
  1874.6
   567.1
   579.6
  1673.1
   650.7
  2511.2
  1062.4
  1739.2
  1243.9
  4987.3
  1173.1
   512.5
   611.5
  1356.4
  1022.6
   655.9
  1000.2
  2370.5
  2455.6
   518.2
   516.8
   741.4
   718.6
  1479.9
   521.1
  1522.0
   804.6
   947.4
   917.5
  1427.1
  1137.8
   569.3
   652.7
   908.6
   613.5
  1404.5
   762.2
   675.9
   526.9
   612.4
  1203.8
  1162.0
   637.6
  1334.9
   955.1
   754.6
   535.3
  1026.7
   543.2
  1248.3
  1425.7
   831.5
   907.1
   535.5
   807.5
   992.8
   782.1
   630.6
   645.7
   594.0
   724.0
  1154.8
  1010.3
   588.6
   567.5
  1091.8
   648.5
  1485.8
  2812.3
   946.3
  2392.7
   844.8
   544.7
  1460.7
  1431.7
  1284.3
  2284.3
  1030.0
  1829.1
   505.3
  1612.9
  1494.6
   862.3
  1823.2
   607.7
   534.9
   695.1
  2288.3
  3777.1
   736.2
   599.2
   722.1
  1357.6
   645.1
  1804.2
   894.1
   654.9
   574.9
   700.4
  2641.5
  1621.2
   696.8
   947.9
   537.6
   560.6
  1821.8
   867.1
  1302.0
  4947.1
   786.7
   741.9
   517.5
   811.2
   565.9
  1608.4
   931.7
   788.0
   554.3
  1058.2
   584.7
   511.2
  1181.7
  1872.3
   864.7
  2305.9
   548.7
   848.3
   857.4
  1103.9
   681.0
   597.8
   520.5
   643.2
   952.6
   736.0
  1284.7
   750.8
   777.7
  1019.4
   908.0
   624.7
  1813.6
   928.2
   946.7
   768.2
   863.6
   651.4
  1939.6
   537.6
   672.5
   524.2