0  STARLINK-31
1 44235U 19029A   20226.91668981  .00827313  30560-3  21514-2 0  9995
2 44235  52.9912 288.4429 0002161  23.0364 111.0158 15.94478671 69210
0  STARLINK-22
1 44236U 19029B   20222.55316459 +.30875389 +12472-4 +17311-2 0  9994
2 44236 052.9807 260.6619 0004178 316.6235 043.5158 16.42066597069218
0  STARLINK-23
1 44237U 19029C   20227.25001157  .00828992  30900-3  21003-2 0  9996
2 44237  52.9958 286.4994 0001977  26.7322 188.5494 15.94966317 68158
0  STARLINK-24
1 44238U 19029D   20226.75453847 +.00002250 +00000-0 +14164-3 0  9995
2 44238 052.9976 309.0295 0001072 109.5103 250.6004 15.13297256066165
0  STARLINK-25
1 44239U 19029E   20226.91668981  .01053445  00000-0  31330-2 0  9997
2 44239  53.0046 288.3172 0004616 293.9055 167.4238 15.89464599 68019
0  STARLINK-26
1 44240U 19029F   20226.55985773 +.00008061 +00000-0 +16947-3 0  9991
2 44240 053.0073 252.5028 0000607 125.3011 234.8051 15.46284292067788
0  STARLINK-27
1 44241U 19029G   20227.25001157  .00829168  30915-3  21004-2 0  9994
2 44241  53.0082 286.9902 0002054  27.8207 241.3920 15.94969434 68142
0  STARLINK-28
1 44242U 19029H   20227.19006891  .00765431  11894-4  30531-3 0  9992
2 44242  52.9914 229.4545 0007213 277.6327  82.4149 16.22901069 68925
0  STARLINK-29
1 44243U 19029J   20227.25001157  .00052186  00000-0  18356-3 0  9990
2 44243  52.9980 182.2723 0000742  41.6254  48.4374 15.88660936 69593
0  STARLINK-30
1 44244U 19029K   20226.91668981 +.00827280 +30524-3 +21607-2 0  9991
2 44244 052.9974 288.1333 0001390 051.8994 348.7223 15.94399893001799
0  STARLINK-21
1 44245U 19029L   20227.25001157  .00829234  30920-3  21010-2 0  9995
2 44245  52.9973 287.3108 0001119 112.2459 126.9979 15.94968170 68110
0  STARLINK-33
1 44247U 19029N   20227.16994981  .00243235  42766-4  17704-3 0  9992
2 44247  53.0058 231.0860 0006831 297.8468  62.1852 16.15201228 68945
0  STARLINK-34
1 44248U 19029P   20226.91668981 +.00691360 +20149-3 +21543-2 0  9994
2 44248 052.9975 243.6728 0006168 297.4596 350.7285 15.90984998001784
0  STARLINK-61
1 44249U 19029Q   20226.65967807 +.00002883 +00000-0 +15341-3 0  9992
2 44249 052.9995 295.5646 0006888 175.3205 184.7854 15.18459441067039
0  STARLINK-36
1 44250U 19029R   20227.25001157  .00828571  30867-3  20992-2 0  9992
2 44250  52.9969 286.5019 0001531  38.2550 147.0182 15.94968095 68105
0  STARLINK-37
1 44251U 19029S   20226.91668981 +.00827095 +30508-3 +21605-2 0  9993
2 44251 052.9779 287.1213 0001325 052.8864 023.6775 15.94397060001796
0  STARLINK-71
1 44252U 19029T   20226.91668981 -.00032549 +00000-0 -18431-2 0  9992
2 44252 053.0010 309.0198 0001544 089.0913 323.9024 15.12428728001770
0  STARLINK-39
1 44253U 19029U   20226.91668981  .00827207  30519-3  21604-2 0  9991
2 44253  53.0079 288.6561 0001978  26.7802 115.7449 15.94399231 68078
0  STARLINK-32
1 44254U 19029V   20226.91668981 +.00826966 +30500-3 +21599-2 0  9996
2 44254 052.9943 288.2182 0001397 047.3881 047.1405 15.94399568001792
0  STARLINK-66
1 44255U 19029W   20227.19240436  .00747903  11891-4  29959-3 0  9994
2 44255  53.0042 231.6559 0006368 260.9848  99.2135 16.22868283 68860
0  STARLINK-42
1 44256U 19029X   20227.25001157  .00684225  00000-0  29809-2 0  9993
2 44256  52.9947 236.7114 0005655 298.3594 285.2517 15.82425906 68741
0  STARLINK-43
1 44257U 19029Y   20226.91668981 +.00042470 +00000-0 +13364-2 0  9999
2 44257 053.0011 248.7411 0001021 058.5089 192.0686 15.32551849001770
0  STARLINK-40
1 44258U 19029Z   20227.25001157  .00830983  31057-3  21053-2 0  9991
2 44258  52.9981 286.5208 0001568  37.7157 165.5757 15.94968386 68122
0  STARLINK-52
1 44259U 19029AA  20227.25001157  .01341470  91084-3  32422-2 0  9999
2 44259  53.0011 183.0450 0001468 110.4995 327.3606 15.95971756 69462
0  STARLINK-45
1 44260U 19029AB  20226.91668981  .00826532  30467-3  21585-2 0  9999
2 44260  53.0057 287.2260 0001725  33.2281  85.3382 15.94401161 68149
0  STARLINK-44
1 44261U 19029AC  20227.25001157  .00828700  30878-3  20995-2 0  9993
2 44261  52.9977 286.4880 0001672  34.3932 162.8975 15.94967932 68146
0  STARLINK-49
1 44262U 19029AD  20226.91668981  .00827235  30521-3  21604-2 0  9995
2 44262  53.0083 288.7148 0001696  32.6572 127.8902 15.94400848 68099
0  STARLINK-72
1 44263U 19029AE  20227.25001157  .00828262  30844-3  20984-2 0  9999
2 44263  52.9983 286.3746 0001346  47.7638 101.5091 15.94968754 68135
0  STARLINK-35
1 44264U 19029AF  20227.25001157  .00823430  30467-3  20857-2 0  9992
2 44264  52.9989 286.4600 0001524  36.6428 130.6153 15.94971814 68126
0  STARLINK-63
1 44265U 19029AG  20227.25001157  .00828374  30852-3  20986-2 0  9996
2 44265  52.9947 285.8217 0001455  41.0839 132.2099 15.94969131 68167
0  STARLINK-54
1 44266U 19029AH  20227.25001157  .00828864  30891-3  20999-2 0  9998
2 44266  53.0000 285.7859 0001668  40.2429 276.9697 15.94968168 68083
0  STARLINK-69
1 44267U 19029AJ  20227.25001157  .00828860  30890-3  20999-2 0  9994
2 44267  52.9986 285.6812 0001478  43.6807 201.5919 15.94968600 68137
0  STARLINK-55
1 44268U 19029AK  20226.91668981 +.00055780 +00000-0 +65975-3 0  9995
2 44268 052.9929 242.9787 0001531 078.3530 103.5730 15.60757794001783
0  STARLINK-57
1 44269U 19029AL  20227.25001157  .00829094  30909-3  21004-2 0  9995
2 44269  53.0003 286.2348 0001724  34.8625 246.3764 15.94968739 68178
0  STARLINK-58
1 44270U 19029AM  20227.17141145  .00468239  11836-4  22559-3 0  9996
2 44270  52.9962 239.6589 0006773 317.6358  42.4238 16.20598841 68810
0  STARLINK-59
1 44271U 19029AN  20227.25001157  .00828784  30885-3  20995-2 0  9994
2 44271  52.9983 285.7427 0001763  32.1595 105.1364 15.94969543 68169
0  STARLINK-51
1 44272U 19029AP  20227.25001157  .00828551  30866-3  20989-2 0  9999
2 44272  52.9971 286.3643 0001843  29.8214 131.4585 15.94969287 68122
0  STARLINK-60
1 44273U 19029AQ  20227.14559308  .00057074  00000-0  61292-3 0  9995
2 44273  52.9934 180.4268 0002070 272.8880  87.1896 15.63242313 69607
0  STARLINK-62
1 44274U 19029F   20227.15765168  .00942518  54075-3  86738-3 0  9992
2 44274  53.0009 240.7029 0001456  12.1232 348.0215 16.11860326 68754
0  STARLINK-64
1 44275U 19029AS  20226.91668981 +.00016656 +00000-0 +43651-3 0  9999
2 44275 052.9923 273.0660 0006361 135.8267 135.7220 15.38815654001777
0  STARLINK-65
1 44276U 19029AT  20227.25001157  .01130162  00000-0  21376-1 0  9992
2 44276  52.9997 292.4289 0001733  49.1962 302.7644 15.45245082 68069
0  STARLINK-41
1 44277U 19029AU  20222.37327385  .01090556  12276-4  10000-3 0  9993
2 44277  52.9901 257.7587 0015013 227.2645 148.1546 16.37648131 68116
0  STARLINK-68
1 44279U 19029AW  20226.91668981 -.00001006 +00000-0 -99376-5 0  9995
2 44279 052.9966 291.4438 0001327 028.9048 001.6964 15.49503211001783
0  STARLINK-38
1 44280U 19029AX  20227.25001157  .00827993  30823-3  20975-2 0  9995
2 44280  53.0003 286.3198 0001772  32.7607  86.5863 15.94969445 68152
0  STARLINK-70
1 44281U 19029AY  20226.91668981 -.00018960 +00000-0 -58252-3 0  9991
2 44281 052.9988 298.4764 0001222 083.1613 346.1971 15.32671758001772
0  STARLINK-80
1 44282U 19029AZ  20226.81000594 +.00003500 +00000-0 +14835-3 0  9992
2 44282 053.0196 267.9422 0004557 063.4726 296.6738 15.25805254066782
0  STARLINK-56
1 44283U 19029BA  20226.91668981  .00827360  30531-3  21608-2 0  9992
2 44283  52.9996 288.1152 0001621  41.4845 335.1860 15.94400243 68097
0  STARLINK-73
1 44284U 19029BB  20227.25001157  .00828136  30834-3  20980-2 0  9997
2 44284  52.9998 286.3741 0001390  45.5111  79.8102 15.94969367 68131
0  STARLINK-50
1 44285U 19029BC  20226.91668981 +.01038076 +00000-0 +78569-2 0  9996
2 44285 053.0016 292.9981 0000752 057.4194 057.7545 15.69204552001782
0  STARLINK-75
1 44286U 19029BD  20226.91668981 +.00073169 +00000-0 +61276-3 0  9996
2 44286 053.0047 242.5422 0009541 072.7869 278.3191 15.69282494001770
0  STARLINK-76
1 44287U 19029BE  20226.91668981 -.00013280 +00000-0 -27097-3 0  9990
2 44287 052.9978 293.6496 0000940 043.5954 265.9362 15.44766786001771
0  STARLINK-79
1 44288U 19029BF  20227.25001157  .00828804  30887-3  20993-2 0  9995
2 44288  53.0110 287.0961 0002070  28.2842 264.8944 15.94970975 69206
0  STARLINK-48
1 44289U 19029BG  20227.25001157 -.00027416  00000-0 -12376-2 0  9995
2 44289  53.0016 278.1633 0001023  78.0182 279.6581 15.20256224 69312
0  STARLINK-78
1 44290U 19029BH  20226.91668981  .00827472  30540-3  21610-2 0  9997
2 44290  53.0092 288.6917 0001948  26.9094 145.6325 15.94400210 69156
0  STARLINK-77
1 44291U 19029BJ  20226.91668981 +.01146926 +00000-0 +68667-2 0  9995
2 44291 053.0090 291.3321 0001313 061.6775 012.7667 15.74941672001848
0  STARLINK-81
1 44292U 19029BK  20227.00001157  .08899176  00000-0  47652-1 0  9992
2 44292  53.0088 290.8819 0003672  10.0452 192.4302 15.74994756 69120
0  STARLINK-74
1 44293U 19029BL  20226.91668981  .00827128  30514-3  21599-2 0  9995
2 44293  53.0078 288.7358 0001629  34.9746 113.8992 15.94402968 69140
0  STARLINK-53
1 44294U 19029BM  20227.25001157  .01196979  00000-0  69840-2 0  9999
2 44294  52.9977 288.9209 0001406  52.8326 279.5171 15.75436054 69163
0  STARLINK-1007
1 44713U 19074A   20226.91668981 -.00037922 +00000-0 -25968-2 0  9997
2 44713 053.0000 316.5815 0001200 108.0426 254.6421 15.05589329001767
0  STARLINK-1008
1 44714U 19074B   20226.91668981 -.00032862 +00000-0 -22465-2 0  9995
2 44714 052.9993 316.5770 0000880 106.5562 346.1124 15.05583703001761
0  STARLINK-1009
1 44715U 19074C   20226.91668981 -.00034918 +00000-0 -23886-2 0  9998
2 44715 052.9984 316.5785 0001231 110.1052 036.5645 15.05588436001760
0  STARLINK-1010
1 44716U 19074D   20226.91668981 -.00036154 +00000-0 -24730-2 0  9992
2 44716 052.9974 316.5854 0000847 114.4731 086.1685 15.05607527001768
0  STARLINK-1011
1 44717U 19074E   20226.91668981 -.00031288  00000-0 -21376-2 0  9999
2 44717  52.9979 336.5827 0001338 112.4805 266.1078 15.05581273 42111
0  STARLINK-1012
1 44718U 19074F   20226.91668981 -.00036823 +00000-0 -25202-2 0  9992
2 44718 053.0003 316.5797 0001229 118.0169 100.6566 15.05595151001760
0  STARLINK-1013
1 44719U 19074G   20226.91668981 -.00035071 +00000-0 -23989-2 0  9997
2 44719 052.9999 316.5806 0001186 117.7537 046.9006 15.05592839001762
0  STARLINK-1014
1 44720U 19074H   20226.91668981 -.00035426  00000-0 -24215-2 0  9996
2 44720  52.9998 316.5790 0003409 275.2344 159.4230 15.05617876 42393
0  STARLINK-1015
1 44721U 19074J   20226.91668981 -.00034749 +00000-0 -23761-2 0  9999
2 44721 052.9981 316.5814 0000988 122.0345 006.6603 15.05601714001769
0  STARLINK-1016
1 44722U 19074K   20226.91668981 -.00034742 +00000-0 -23759-2 0  9990
2 44722 052.9998 316.5748 0000943 114.9253 355.7128 15.05597356001769
0  STARLINK-1017
1 44723U 19074L   20226.91668981 -.00036508 +00000-0 -24968-2 0  9996
2 44723 052.9997 316.5812 0001140 102.8391 295.8134 15.05618396001769
0  STARLINK-1019
1 44724U 19074M   20226.91668981 -.00037352 +00000-0 -25564-2 0  9998
2 44724 053.0000 316.5794 0001077 113.2786 123.4178 15.05602240001764
0  STARLINK-1020
1 44725U 19074N   20226.91668981 -.00027034 +00000-0 -18430-2 0  9999
2 44725 052.9997 336.5799 0001191 108.7732 053.7927 15.05586537001769
0  STARLINK-1021
1 44726U 19074P   20226.91668981 -.00037964 +00000-0 -25995-2 0  9997
2 44726 053.0007 316.5816 0001203 113.8437 140.8476 15.05592271001764
0  STARLINK-1022
1 44727U 19074Q   20226.91668981 -.00010173 +00000-0 -68018-3 0  9995
2 44727 053.0019 356.5722 0001194 103.3610 221.5289 15.05573179001769
0  STARLINK-1023
1 44728U 19074R   20226.91668981 +.00010166 +00000-0 +71609-3 0  9996
2 44728 052.9986 316.5775 0000977 102.6743 277.9977 15.05568798001762
0  STARLINK-1024
1 44729U 19074S   20226.91668981 -.00028084 +00000-0 -19145-2 0  9993
2 44729 053.0004 336.5800 0000962 099.1330 333.4839 15.05608775001768
0  STARLINK-1025
1 44730U 19074T   20226.91668981 -.00036019 +00000-0 -24651-2 0  9990
2 44730 052.9991 316.5794 0001255 114.3764 302.3720 15.05585156001761
0  STARLINK-1026
1 44731U 19074U   20226.91668981 -.00035574 +00000-0 -24328-2 0  9997
2 44731 052.9985 316.5801 0001224 109.9570 072.7705 15.05607699001763
0  STARLINK-1027
1 44732U 19074V   20226.91668981 -.00029465 +00000-0 -20094-2 0  9996
2 44732 052.9990 336.5795 0001182 113.7134 102.8138 15.05618179001766
0  STARLINK-1028
1 44733U 19074W   20226.91668981 +.00005276 +00000-0 +38109-3 0  9996
2 44733 053.0010 316.5815 0000837 124.6580 148.0094 15.05570033001764
0  STARLINK-1029
1 44734U 19074X   20226.91668981 +.00042115 +00000-0 +47635-3 0  9994
2 44734 052.9972 256.0944 0002437 122.5730 168.5682 15.62040013001777
0  STARLINK-1030
1 44735U 19074Y   20226.91668981 -.00027676 +00000-0 -18869-2 0  9998
2 44735 052.9994 336.5795 0001005 116.9067 063.6276 15.05596035001760
0  STARLINK-1031
1 44736U 19074Z   20226.91668981 -.00027329 +00000-0 -18631-2 0  9991
2 44736 052.9986 336.5846 0001250 110.4933 339.9794 15.05592319001767
0  STARLINK-1032
1 44737U 19074AA  20226.91668981 -.00030224 +00000-0 -20627-2 0  9998
2 44737 052.9982 336.5811 0001323 118.5938 277.9825 15.05604091001768
0  STARLINK-1033
1 44738U 19074AB  20226.91668981 -.00026694 +00000-0 -18181-2 0  9997
2 44738 052.9997 336.5854 0000954 125.6456 342.8425 15.05614500001769
0  STARLINK-1034
1 44739U 19074AC  20226.91668981 -.00026594 +00000-0 -18119-2 0  9998
2 44739 052.9995 336.5806 0001192 097.7103 046.8659 15.05600410001763
0  STARLINK-1035
1 44740U 19074AD  20226.91668981 -.00043684 +00000-0 -29959-2 0  9993
2 44740 053.0003 336.5808 0001268 114.1364 300.4456 15.05598983001761
0  STARLINK-1036
1 44741U 19074AE  20226.91668981 -.00032007 +00000-0 -21865-2 0  9999
2 44741 053.0000 336.5795 0001243 108.7449 251.7778 15.05596205001760
0  STARLINK-1037
1 44742U 19074AF  20226.82448755 +.00001067 +00000-0 +91110-4 0  9997
2 44742 053.0004 336.5979 0001400 146.5877 213.5200 15.06144380041932
0  STARLINK-1038
1 44743U 19074AG  20226.91668981 -.00001688 +00000-0 -96678-4 0  9998
2 44743 053.0000 356.5825 0001185 105.7378 327.1194 15.05594854001769
0  STARLINK-1039
1 44744U 19074AH  20226.91668981 -.00004781 +00000-0 -30906-3 0  9997
2 44744 052.9991 356.5784 0001046 094.7735 302.0159 15.05591489001765
0  STARLINK-1040
1 44745U 19074AJ  20227.09026531  .00282439  50561-4  28282-3 0  9998
2 44745  52.9763 209.6204 0005395  47.8246 312.3479 16.10568991 43882
0  STARLINK-1041
1 44746U 19074AK  20226.91668981 +.00012422 +00000-0 +87061-3 0  9992
2 44746 052.9999 356.5802 0001118 110.3344 340.5041 15.05562838001760
0  STARLINK-1042
1 44747U 19074AL  20226.91668981 -.00010450 +00000-0 -69883-3 0  9996
2 44747 053.0020 356.5728 0001148 109.8190 197.0080 15.05595349001761
0  STARLINK-1043
1 44748U 19074AM  20226.91668981 -.00032846 +00000-0 -22447-2 0  9994
2 44748 053.0000 356.5808 0001404 103.7471 059.1551 15.05593977001765
0  STARLINK-1044
1 44749U 19074AN  20226.91668981 -.00032541 +00000-0 -22231-2 0  9998
2 44749 052.9988 336.5803 0000842 104.9004 237.5633 15.05603486001751
0  STARLINK-1045
1 44750U 19074AP  20226.91668981 -.00006367 +00000-0 -41798-3 0  9997
2 44750 052.9983 356.5826 0000923 106.7547 272.1076 15.05599705001762
0  STARLINK-1046
1 44751U 19074AQ  20226.91668981 -.00003154 +00000-0 -19731-3 0  9991
2 44751 052.9992 356.5787 0001097 099.2423 315.5887 15.05596009001767
0  STARLINK-1047
1 44752U 19074AR  20226.91668981 -.00053360  00000-0 -36693-2 0  9991
2 44752  52.9987 336.5801 0001163 101.1161 223.5162 15.05594415 42110
0  STARLINK-1048
1 44753U 19074AS  20226.91668981 +.00016424 +00000-0 +11440-2 0  9993
2 44753 052.9992 316.5807 0001024 112.8046 231.8222 15.05570861001751
0  STARLINK-1049
1 44754U 19074AT  20226.91668981 -.00038619 +00000-0 -26434-2 0  9995
2 44754 052.9981 316.5793 0001053 109.0548 217.6204 15.05614027001767
0  STARLINK-1050
1 44755U 19074AU  20227.25001157  .00045780  00000-0  31431-2 0  9998
2 44755  53.0011 355.0724 0001515 117.6936 250.8209 15.05552457 41895
0  STARLINK-1051
1 44756U 19074AV  20226.91668981 -.00038782 +00000-0 -26561-2 0  9999
2 44756 052.9993 316.5789 0000993 103.7088 204.9804 15.05594870001767
0  STARLINK-1052
1 44757U 19074AW  20226.91668981 -.00031543 +00000-0 -21550-2 0  9991
2 44757 053.0005 336.5816 0000865 109.8425 142.6954 15.05586689001760
0  STARLINK-1053
1 44758U 19074AX  20226.91668981 -.00007391 +00000-0 -48863-3 0  9993
2 44758 053.0002 356.5730 0001304 107.6152 127.2375 15.05580483001769
0  STARLINK-1054
1 44759U 19074AY  20226.91668981 -.00009884 +00000-0 -66011-3 0  9998
2 44759 053.0001 356.5750 0001432 115.6313 155.2198 15.05581849001762
0  STARLINK-1055
1 44760U 19074AZ  20226.91668981 -.00009302 +00000-0 -61994-3 0  9990
2 44760 053.0018 356.5696 0001290 108.4374 234.3578 15.05588835001763
0  STARLINK-1056
1 44761U 19074BA  20226.91668981 -.00010348 +00000-0 -69217-3 0  9999
2 44761 053.0012 356.5716 0001136 116.8257 172.0397 15.05574060001765
0  STARLINK-1057
1 44762U 19074BB  20226.91668981 -.00032415 +00000-0 -22139-2 0  9990
2 44762 053.0005 336.5796 0001070 109.9604 160.5395 15.05610966001766
0  STARLINK-1058
1 44763U 19074BC  20226.91668981 -.00002734 +00000-0 -16851-3 0  9997
2 44763 053.0000 356.5782 0001152 112.9270 067.9716 15.05594206001768
0  STARLINK-1059
1 44764U 19074BD  20226.91668981 -.00032963 +00000-0 -22518-2 0  9991
2 44764 053.0009 336.5798 0001029 094.7757 193.7646 15.05611696001766
0  STARLINK-1060
1 44765U 19074BE  20226.91668981 +.00010619 +00000-0 +74698-3 0  9991
2 44765 053.0003 336.5796 0001136 117.5085 080.9951 15.05572758001767
0  STARLINK-1061
1 44766U 19074BF  20226.91668981 -.00005701 +00000-0 -37224-3 0  9994
2 44766 052.9989 356.5793 0001074 120.1475 096.6939 15.05597104001764
0  STARLINK-1062
1 44767U 19074BG  20226.91668981 -.00008822 +00000-0 -58698-3 0  9990
2 44767 053.0016 356.5727 0001059 103.2828 149.5066 15.05587120001768
0  STARLINK-1063
1 44768U 19074BH  20226.91668981 +.00015231 +00000-0 +10627-2 0  9990
2 44768 052.9990 356.5786 0001040 106.5313 020.3001 15.05562968001766
0  STARLINK-1064
1 44769U 19074BJ  20226.91668981 -.00000032 +00000-0 +17002-4 0  9991
2 44769 053.0000 356.5788 0001390 106.4636 002.3842 15.05577175001767
0  STARLINK-1065
1 44770U 19074BK  20226.72259978 +.00001202 +00000-0 +10031-3 0  9997
2 44770 053.0060 357.1266 0002133 125.1173 235.0015 15.06129151041649
0  STARLINK-1067
1 44771U 19074BL  20226.91668981 -.00004043 +00000-0 -25838-3 0  9996
2 44771 052.9993 356.5767 0001207 105.9160 092.9559 15.05591119001763
0  STARLINK-1068
1 44772U 19074BM  20226.91668981 -.00030585 +00000-0 -20881-2 0  9999
2 44772 053.0009 336.5793 0001272 114.3189 120.1989 15.05596205001760
0  STARLINK-1073
1 44914U 20001A   20226.91668981 -.00025261 +00000-0 -17193-2 0  9996
2 44914 052.9989 116.5807 0001359 089.1950 204.8151 15.05610205001764
0  STARLINK-1084
1 44915U 20001B   20226.91668981 -.00027678 +00000-0 -18860-2 0  9993
2 44915 052.9984 116.5805 0001569 092.6496 039.3433 15.05615385001763
0  STARLINK-1097
1 44916U 20001C   20226.91668981 -.00029114 +00000-0 -19862-2 0  9994
2 44916 052.9987 116.5819 0001317 096.3209 341.6956 15.05597940001761
0  STARLINK-1098
1 44917U 20001D   20226.91668981 -.00028560 +00000-0 -19488-2 0  9993
2 44917 052.9991 116.5811 0001517 105.8471 008.2272 15.05580427001767
0  STARLINK-1099
1 44918U 20001E   20226.91668981 -.00040204 +00000-0 -27534-2 0  9994
2 44918 053.0002 116.5810 0001583 101.4927 318.5991 15.05611528001765
0  STARLINK-1101
1 44919U 20001F   20226.91668981 -.00027231 +00000-0 -18561-2 0  9990
2 44919 052.9993 116.5806 0001684 074.8316 273.2062 15.05596179001754
0  STARLINK-1102
1 44920U 20001G   20226.91668981 -.00026486 +00000-0 -18044-2 0  9999
2 44920 052.9995 116.5813 0001488 103.0970 226.9306 15.05599657001760
0  STARLINK-1103
1 44921U 20001H   20226.91668981 -.00027959 +00000-0 -19067-2 0  9992
2 44921 052.9996 116.5808 0001744 086.4078 279.5572 15.05590771001761
0  STARLINK-1104
1 44922U 20001J   20226.91668981 -.00029059 +00000-0 -19831-2 0  9995
2 44922 053.0008 116.5779 0001635 085.1956 316.8772 15.05584161001768
0  STARLINK-1106
1 44923U 20001K   20226.91668981 -.00024447 +00000-0 -16642-2 0  9999
2 44923 052.9994 116.5798 0001542 094.0453 163.9260 15.05585203001761
0  STARLINK-1111
1 44924U 20001L   20226.91668981 -.00025750 +00000-0 -17542-2 0  9998
2 44924 052.9993 116.5813 0001510 093.0041 218.9913 15.05586451001768
0  STARLINK-1112
1 44925U 20001M   20226.91668981 -.00045162 +00000-0 -30955-2 0  9991
2 44925 053.0006 116.5781 0001460 088.3730 151.5611 15.05635429001763
0  STARLINK-1113
1 44926U 20001N   20226.91668981 -.00025089 +00000-0 -17089-2 0  9991
2 44926 053.0019 116.5777 0001674 091.1490 112.8683 15.05577629001761
0  STARLINK-1114
1 44927U 20001P   20226.91668981 -.00026286 +00000-0 -17910-2 0  9995
2 44927 053.0002 116.5790 0001692 090.9006 077.0855 15.05591587001761
0  STARLINK-1119
1 44928U 20001Q   20226.91668981 -.00025501 +00000-0 -17357-2 0  9990
2 44928 053.0009 116.5812 0001639 084.9470 101.0430 15.05614056001767
0  STARLINK-1121
1 44929U 20001R   20226.91668981 -.00024864 +00000-0 -16931-2 0  9999
2 44929 053.0006 116.5786 0001647 091.6539 184.3352 15.05582898001760
0  STARLINK-1123
1 44930U 20001S   20226.91668981 -.00028859 +00000-0 -19687-2 0  9990
2 44930 053.0002 116.5842 0001303 099.6810 356.3627 15.05595479001765
0  STARLINK-1128
1 44931U 20001T   20226.91668981 -.00024731 +00000-0 -16837-2 0  9990
2 44931 053.0018 116.5797 0001421 097.0620 124.9394 15.05587994001767
0  STARLINK-1130
1 44932U 20001U   20226.91668981 -.00027238 +00000-0 -18553-2 0  9993
2 44932 052.9997 116.5824 0001542 092.5274 057.5744 15.05621985001761
0  STARLINK-1144
1 44933U 20001V   20226.91668981 -.00028470 +00000-0 -19417-2 0  9993
2 44933 052.9997 116.5826 0001636 092.3252 291.6792 15.05596577001764
0  STARLINK-1071
1 44934U 20001W   20226.91668981 -.00014578 +00000-0 -98305-3 0  9992
2 44934 052.9999 096.5791 0001577 085.9918 192.2034 15.05593061001766
0  STARLINK-1072
1 44935U 20001X   20226.91668981 -.00019129 +00000-0 -12961-2 0  9993
2 44935 052.9998 096.5831 0001556 095.6750 344.4269 15.05610668001764
0  STARLINK-1078
1 44936U 20001Y   20226.91668981 -.00015747 +00000-0 -10635-2 0  9992
2 44936 053.0013 096.5802 0001567 088.3600 225.7967 15.05596767001767
0  STARLINK-1079
1 44937U 20001Z   20226.91668981 -.00019310 +00000-0 -13090-2 0  9991
2 44937 053.0013 096.5805 0001672 096.4060 307.7739 15.05599184001762
0  STARLINK-1082
1 44938U 20001AA  20226.91668981 -.00015248  00000-0 -10297-2 0  9994
2 44938  53.0007  96.5824 0001658  92.2223  95.8985 15.05575809 33598
0  STARLINK-1083
1 44939U 20001AB  20226.91668981 -.00017049  00000-0 -11540-2 0  9998
2 44939  52.9982  96.5904 0001377 101.3916  50.7649 15.05571858 33594
0  STARLINK-1091
1 44940U 20001AC  20226.91668981 -.00019143  00000-0 -12975-2 0  9990
2 44940  52.9965  96.5996 0001891  94.9407   3.2455 15.05598851 33591
0  STARLINK-1094
1 44941U 20001AD  20226.91668981 -.00017405 +00000-0 -11778-2 0  9990
2 44941 053.0006 096.5813 0001612 098.2262 251.9184 15.05595432001751
0  STARLINK-1096
1 44942U 20001AE  20226.91668981 -.00019599  00000-0 -13291-2 0  9999
2 44942  53.0007  96.5800 0001400  89.1674 333.0496 15.05595324 33607
0  STARLINK-1100
1 44943U 20001AF  20226.91668981 -.00016096 +00000-0 -10881-2 0  9991
2 44943 052.9981 096.5862 0001318 093.9453 076.2469 15.05578395001768
0  STARLINK-1108
1 44944U 20001AG  20226.91668981 -.00015105 +00000-0 -10193-2 0  9998
2 44944 052.9995 096.5812 0001751 096.9547 199.1682 15.05593639001767
0  STARLINK-1109
1 44945U 20001AH  20226.91668981 -.00018565 +00000-0 -12583-2 0  9997
2 44945 052.9954 096.5933 0001364 086.0259 030.1622 15.05580685001762
0  STARLINK-1110
1 44946U 20001AJ  20226.91668981 -.00015230 +00000-0 -10220-2 0  9990
2 44946 053.0032 096.5248 0001637 054.0823 248.5331 15.05807623001751
0  STARLINK-1116
1 44947U 20001AK  20226.91668981 -.00018962 +00000-0 -12851-2 0  9998
2 44947 052.9995 096.5821 0001789 097.2854 288.8266 15.05595362001765
0  STARLINK-1122
1 44949U 20001AM  20226.91668981 -.00053751  00000-0 -36946-2 0  9996
2 44949  53.0002  96.5795 0001612  96.0756 128.1490 15.05612547 33597
0  STARLINK-1125
1 44950U 20001AN  20226.91668981 -.00017809  00000-0 -12056-2 0  9998
2 44950  52.9970  96.5897 0001513 110.8737  23.3190 15.05596914 33590
0  STARLINK-1126
1 44951U 20001AP  20226.91668981 -.00015449  00000-0 -10417-2 0  9996
2 44951  53.0025  96.5826 0001858  57.4619 158.9104 15.05640747 34880
0  STARLINK-1117
1 44952U 20001AQ  20226.91668981 -.00016536 +00000-0 -11174-2 0  9996
2 44952 052.9991 096.5813 0001575 093.1100 239.0160 15.05611905001752
0  STARLINK-1124
1 44953U 20001AR  20226.91668981 -.00014060 +00000-0 -94765-3 0  9995
2 44953 052.9991 096.5818 0001630 082.4990 159.6582 15.05582180001755
0  STARLINK-1066
1 44954U 20001AS  20226.91668981 -.00001625  00000-0 -92404-4 0  9998
2 44954  52.9985  76.5820 0001727  87.1759  13.0474 15.05576738 33820
0  STARLINK-1069
1 44955U 20001AT  20226.91668981 -.00000288 +00000-0 -55800-6 0  9994
2 44955 053.0001 076.5806 0001832 103.5913 302.7203 15.05581925001768
0  STARLINK-1070
1 44956U 20001AU  20226.91668981 -.00000962 +00000-0 -46869-4 0  9997
2 44956 053.0010 076.5810 0001439 099.1833 325.1536 15.05560325001767
0  STARLINK-1074
1 44957U 20001AV  20226.91668981 +.00004582 +00000-0 +33351-3 0  9999
2 44957 053.0012 076.5818 0001598 099.0973 181.1922 15.05574945001759
0  STARLINK-1075
1 44958U 20001AW  20226.91668981 +.00003989 +00000-0 +29286-3 0  9992
2 44958 052.9995 076.5838 0001482 093.6447 222.6429 15.05568688001758
0  STARLINK-1076
1 44959U 20001AX  20226.91668981 +.00002473 +00000-0 +18889-3 0  9997
2 44959 052.9984 076.5903 0001380 091.8901 116.3966 15.05574232001759
0  STARLINK-1077
1 44960U 20001AY  20226.91668981 +.01655381 +00000-0 +14948-1 0  9992
2 44960 053.0021 068.1345 0001325 079.7213 247.8528 15.64872092001778
0  STARLINK-1080
1 44961U 20001AZ  20226.91668981 +.00000667 +00000-0 +64965-4 0  9990
2 44961 053.0017 076.5750 0001694 090.8398 081.4658 15.05588777001757
0  STARLINK-1081
1 44962U 20001BA  20226.91668981 -.00001556 +00000-0 -87669-4 0  9997
2 44962 052.9988 076.5800 0001444 094.5818 347.7172 15.05562434001762
0  STARLINK-1085
1 44963U 20001BB  20226.84505574 +.00001111 +00000-0 +95337-4 0  9994
2 44963 053.0020 076.8991 0001611 105.2463 254.8703 15.05604084034614
0  STARLINK-1086
1 44964U 20001BC  20226.91668981 +.00001582 +00000-0 +12778-3 0  9994
2 44964 052.9988 076.5842 0001374 103.7704 266.5100 15.05563620001766
0  STARLINK-1088
1 44966U 20001BE  20226.91668981 +.00003981 +00000-0 +29225-3 0  9996
2 44966 053.0008 076.5798 0001475 091.1819 153.0904 15.05575219001750
0  STARLINK-1089
1 44967U 20001BF  20226.91668981 -.00001043  00000-0 -52389-4 0  9994
2 44967  53.0000  76.5789 0002157  89.6734  46.6581 15.05590556 33887
0  STARLINK-1090
1 44968U 20001BG  20226.91668981 -.00000275  00000-0  29011-6 0  9998
2 44968  52.9999  76.5824 0001929  88.0963  66.2067 15.05588629 33881
0  STARLINK-1092
1 44969U 20001BH  20226.91668981 -.00052994  00000-0 -36418-2 0  9990
2 44969  52.9965  76.5977 0001453 100.8404  89.5032 15.05613722 33871
0  STARLINK-1093
1 44970U 20001BJ  20226.91668981 +.00004445 +00000-0 +32402-3 0  9998
2 44970 053.0013 076.5822 0001576 086.8137 211.4568 15.05580825001759
0  STARLINK-1095
1 44971U 20001BK  20226.91668981 +.00002541 +00000-0 +19343-3 0  9993
2 44971 052.9983 076.5832 0001777 089.9547 262.3600 15.05588957001753
0  STARLINK-1107
1 44972U 20001BL  20226.91668981 -.00001515 +00000-0 -84784-4 0  9998
2 44972 053.0010 076.5781 0001493 089.6276 028.6545 15.05594480001750
0  STARLINK-1115
1 44973U 20001BM  20226.91668981 +.00003140 +00000-0 +23460-3 0  9996
2 44973 052.9978 076.5896 0001351 096.1704 130.1427 15.05574828001753
0  STARLINK-1132
1 45044U 20006A   20226.91668981 +.00041211 +00000-0 +28337-2 0  9999
2 45044 052.9997 036.5792 0001177 102.4527 344.1347 15.05545357030558
0  STARLINK-1120
1 45045U 20006B   20226.91668981 +.00023019 +00000-0 +15947-2 0  9999
2 45045 052.9999 056.5817 0001430 098.7513 345.5948 15.05560627001765
0  STARLINK-1129
1 45046U 20006C   20226.91668981 +.00024237 +00000-0 +16770-2 0  9998
2 45046 052.9994 056.5832 0001596 097.6945 292.7476 15.05577865001769
0  STARLINK-1131
1 45047U 20006D   20226.91668981 +.00023221 +00000-0 +16078-2 0  9992
2 45047 052.9998 056.5807 0001537 091.2012 335.2399 15.05576334001763
0  STARLINK-1134
1 45048U 20006E   20226.91668981 +.00024976 +00000-0 +17282-2 0  9999
2 45048 053.0008 056.5790 0001516 105.8157 266.6108 15.05559857001764
0  STARLINK-1135
1 45049U 20006F   20226.91668981 +.00025859 +00000-0 +17870-2 0  9994
2 45049 053.0002 056.5826 0001450 107.9990 246.3935 15.05589039001751
0  STARLINK-1140
1 45050U 20006G   20226.91668981 +.00027384 +00000-0 +18913-2 0  9990
2 45050 052.9987 056.5815 0001325 103.3003 215.1390 15.05580077001759
0  STARLINK-1141
1 45051U 20006H   20226.91668981 +.00026576 +00000-0 +18366-2 0  9995
2 45051 052.9992 056.5817 0001537 096.4570 239.9937 15.05573545001757
0  STARLINK-1148
1 45052U 20006J   20226.91668981 +.00028405 +00000-0 +19617-2 0  9999
2 45052 052.9994 056.5811 0001459 095.8057 186.5856 15.05562713001752
0  STARLINK-1155
1 45053U 20006K   20226.91668981 +.00025854 +00000-0 +17868-2 0  9991
2 45053 053.0007 056.5819 0001184 087.9617 086.4591 15.05585482001759
0  STARLINK-1156
1 45054U 20006L   20226.91668981 +.00027942 +00000-0 +19299-2 0  9992
2 45054 053.0000 056.5811 0001618 088.4815 211.9706 15.05568173001754
0  STARLINK-1157
1 45055U 20006M   20226.91668981 +.00048291 +00000-0 +17700-3 0  9999
2 45055 052.9977 008.1642 0007547 345.8122 126.6185 15.87824231001785
0  STARLINK-1158
1 45056U 20006N   20226.91668981 -.00013697 +00000-0 -92193-3 0  9993
2 45056 052.9998 056.5838 0001493 095.3919 169.0015 15.05609601001750
0  STARLINK-1159
1 45057U 20006P   20226.91668981 +.00027661 +00000-0 +19109-2 0  9993
2 45057 052.9994 056.5798 0001489 096.5688 113.8788 15.05565834001756
0  STARLINK-1162
1 45058U 20006Q   20226.91668981 +.00028466 +00000-0 +19649-2 0  9997
2 45058 052.9995 056.5794 0001443 095.5933 150.8510 15.05581720001752
0  STARLINK-1165
1 45059U 20006R   20226.91668981 +.00024228 +00000-0 +16772-2 0  9994
2 45059 053.0020 056.5805 0001439 098.0257 040.4484 15.05558775001757
0  STARLINK-1166
1 45060U 20006S   20226.91668981 +.00024953 +00000-0 +17263-2 0  9997
2 45060 053.0006 056.5814 0001349 089.8440 066.5778 15.05566975001751
0  STARLINK-1169
1 45061U 20006T   20226.91668981 +.00023436 +00000-0 +16223-2 0  9998
2 45061 053.0017 056.5796 0001578 097.5926 022.8692 15.05580255001759
0  STARLINK-1171
1 45062U 20006U   20226.91668981 +.00026782 +00000-0 +18509-2 0  9995
2 45062 052.9995 056.5812 0001271 089.1487 103.2753 15.05567382001759
0  STARLINK-1178
1 45063U 20006V   20226.91668981 +.00023035 +00000-0 +15956-2 0  9997
2 45063 053.0016 056.5803 0001525 098.2539 004.1709 15.05565203001768
0  STARLINK-1133
1 45064U 20006W   20226.91668981 +.00045341 +00000-0 +31120-2 0  9993
2 45064 052.9986 036.5811 0001163 098.6080 096.0308 15.05568784030565
0  STARLINK-1139
1 45065U 20006X   20226.91668981 +.00045341 +00000-0 +31136-2 0  9991
2 45065 053.0010 036.5827 0001396 096.6191 079.9301 15.05549376030561
0  STARLINK-1145
1 45066U 20006Y   20226.91668981 +.00040566 +00000-0 +27877-2 0  9993
2 45066 052.9996 036.5804 0001428 099.0269 203.5308 15.05574886001752
0  STARLINK-1150
1 45067U 20006Z   20226.91668981 +.00044338 +00000-0 +30448-2 0  9993
2 45067 053.0022 036.5706 0001154 110.0514 120.4852 15.05559512001759
0  STARLINK-1161
1 45068U 20006AA  20226.91668981 -.00012339 +00000-0 -82899-3 0  9990
2 45068 052.9999 036.5860 0001490 105.5577 179.0638 15.05587333001757
0  STARLINK-1163
1 45069U 20006AB  20226.91668981 +.00038823 +00000-0 +26689-2 0  9999
2 45069 052.9986 036.5812 0001378 101.8320 236.7227 15.05581586030550
0  STARLINK-1164
1 45070U 20006AC  20226.91668981 +.00038201 +00000-0 +26282-2 0  9990
2 45070 052.9999 036.5804 0001394 111.7769 262.7703 15.05560584001766
0  STARLINK-1167
1 45071U 20006AD  20226.91668981 +.00039208 +00000-0 +26955-2 0  9996
2 45071 053.0007 036.5807 0001372 111.4139 299.1871 15.05575089001762
0  STARLINK-1168
1 45072U 20006AE  20226.91668981 +.00038552 +00000-0 +26520-2 0  9996
2 45072 052.9995 036.5801 0001223 107.8783 284.7017 15.05561154001760
0  STARLINK-1170
1 45073U 20006AF  20226.91668981 +.00043418 +00000-0 +29823-2 0  9993
2 45073 053.0010 036.5822 0001245 103.7952 144.7306 15.05560274001758
0  STARLINK-1172
1 45074U 20006AG  20226.91668981 +.00039429 +00000-0 +27117-2 0  9995
2 45074 052.9996 036.5818 0001363 102.6149 217.9203 15.05558773030552
0  STARLINK-1174
1 45075U 20006AH  20226.91668981 +.00044928 +00000-0 +30862-2 0  9997
2 45075 053.0008 036.5803 0001419 100.5442 058.0302 15.05542000030569
0  STARLINK-1180
1 45076U 20006AJ  20226.91668981 +.00043710 +00000-0 +30014-2 0  9995
2 45076 052.9996 036.5782 0001298 091.4905 031.0418 15.05569299030565
0  STARLINK-1182
1 45077U 20006AK  20226.91668981 +.00038238 +00000-0 +26303-2 0  9991
2 45077 053.0011 036.5811 0001208 096.9587 259.6136 15.05566158001751
0  STARLINK-1177
1 45078U 20006AL  20226.91668981 +.00040115 +00000-0 +27574-2 0  9990
2 45078 053.0012 036.5827 0001220 110.1887 318.3727 15.05570413001765
0  STARLINK-1149
1 45079U 20006AM  20226.91668981 +.00043742 +00000-0 +30045-2 0  9997
2 45079 052.9972 036.5995 0001323 106.3693 034.1832 15.05557987030203
0  STARLINK-1153
1 45080U 20006AN  20226.91668981 +.00042292 +00000-0 +29071-2 0  9995
2 45080 053.0004 036.5792 0001522 089.2578 015.3219 15.05545050001767
0  STARLINK-1151
1 45081U 20006AP  20226.91668981 +.00044949 +00000-0 +30854-2 0  9998
2 45081 053.0016 036.5802 0001321 103.6444 108.9805 15.05569607030567
0  STARLINK-1160
1 45082U 20006AQ  20226.91668981 +.00042527 +00000-0 +29230-2 0  9995
2 45082 052.9971 036.5861 0001486 097.7456 168.8418 15.05545658001753
0  STARLINK-1190
1 45083U 20006AR  20226.91668981 +.00023561 +00000-0 +16311-2 0  9999
2 45083 052.9992 056.5816 0001498 106.2300 302.2320 15.05572636001769
0  STARLINK-1173
1 45084U 20006AS  20226.91668981 +.00030468 +00000-0 +21015-2 0  9991
2 45084 053.0008 016.5761 0001211 107.8891 358.7682 15.05575414030957
0  STARLINK-1179
1 45085U 20006AT  20226.91668981 +.00030590 +00000-0 +21104-2 0  9997
2 45085 053.0001 016.5770 0001154 093.8974 030.8288 15.05565108030840
0  STARLINK-1181
1 45086U 20006AU  20226.83390509 -.00000994 +00000-0 -48985-4 0  9992
2 45086 053.0042 016.9486 0001935 114.8599 245.2590 15.05611936030487
0  STARLINK-1185
1 45087U 20006AV  20226.91668981 +.00029133 +00000-0 +20113-2 0  9999
2 45087 053.0015 016.5774 0001304 088.4537 108.2841 15.05563097030944
0  STARLINK-1183
1 45088U 20006AW  20226.91668981 +.00028305 +00000-0 +19537-2 0  9998
2 45088 053.0008 016.5768 0001338 097.3322 333.3670 15.05586387001764
0  STARLINK-1136
1 45089U 20006AX  20226.91668981 +.00026489 +00000-0 +18307-2 0  9994
2 45089 052.9998 016.5770 0001514 074.9221 337.7002 15.05572482030499
0  STARLINK-1176
1 45090U 20006AY  20226.91668981 +.00030316 +00000-0 +20911-2 0  9994
2 45090 053.0011 016.5792 0001149 111.4236 049.2996 15.05576307030497
0  STARLINK-1127
1 45091U 20006AZ  20226.91668981 +.00024098 +00000-0 +16685-2 0  9998
2 45091 053.0008 016.5805 0001461 097.3549 243.3383 15.05555828001754
0  STARLINK-1137
1 45092U 20006BA  20226.91668981 +.00024039 +00000-0 +16631-2 0  9995
2 45092 052.9979 016.5961 0001366 096.2630 208.4219 15.05586094001755
0  STARLINK-1142
1 45093U 20006BB  20226.91668981 +.00023780 +00000-0 +16459-2 0  9996
2 45093 052.9952 016.5951 0001395 111.0939 211.6399 15.05575425001757
0  STARLINK-1146
1 45094U 20006BC  20226.91668981 +.00026166 +00000-0 +18081-2 0  9991
2 45094 053.0022 016.5597 0001389 105.8833 144.8321 15.05584717001757
0  STARLINK-1147
1 45095U 20006BD  20226.91668981 -.00010501 +00000-0 -70253-3 0  9990
2 45095 052.9993 016.5774 0001324 099.8997 132.8442 15.05584893001758
0  STARLINK-1152
1 45096U 20006BE  20226.91668981 +.00028108 +00000-0 +19420-2 0  9999
2 45096 052.9933 016.6097 0001338 089.2620 179.4449 15.05552207001751
0  STARLINK-1175
1 45097U 20006BF  20226.91668981 +.01466078 +00000-0 +52846-2 0  9992
2 45097 052.9991 325.4343 0001361 059.5156 340.8670 15.85506794001782
0  STARLINK-1184
1 45098U 20006BG  20226.91668981 -.00014064 +00000-0 -94782-3 0  9994
2 45098 053.0005 016.5783 0001278 103.9629 254.7903 15.05586314001750
0  STARLINK-1186
1 45099U 20006BH  20226.91668981 +.00029835 +00000-0 +20591-2 0  9991
2 45099 053.0001 016.5759 0001499 099.2385 079.4952 15.05562469030844
0  STARLINK-1193
1 45100U 20006BJ  20226.91668981 +.00025264 +00000-0 +17469-2 0  9996
2 45100 053.0020 016.5783 0001398 111.0521 265.6979 15.05580019001766
0  STARLINK-1194
1 45101U 20006BK  20226.91668981 +.00026280 +00000-0 +18165-2 0  9990
2 45101 053.0012 016.5806 0001246 101.7079 292.9422 15.05571292001769
0  STARLINK-1195
1 45102U 20006BL  20226.91668981 +.00024409 +00000-0 +16887-2 0  9991
2 45102 052.9970 016.5970 0001164 101.1617 185.5164 15.05578544001750
0  STARLINK-1196
1 45103U 20006BM  20226.91668981 -.00022918 +00000-0 -15579-2 0  9994
2 45103 052.9991 016.5775 0001371 094.2408 048.4616 15.05602451001751
0  STARLINK-1138
1 45178U 20012A   20226.91668981 -.00006348 +00000-0 -41672-3 0  9996
2 45178 053.0001 176.5799 0001611 076.8061 138.7434 15.05596141001757
0  STARLINK-1143
1 45179U 20012B   20226.91668981 -.00006564 +00000-0 -43158-3 0  9998
2 45179 052.9994 176.5848 0001643 095.2024 102.4001 15.05595151001759
0  STARLINK-1192
1 45180U 20012C   20226.91668981 -.00005670 +00000-0 -37017-3 0  9994
2 45180 052.9988 176.5801 0001631 086.9722 164.6603 15.05587079001750
0  STARLINK-1200
1 45181U 20012D   20226.91668981 -.00005639 +00000-0 -36801-3 0  9990
2 45181 052.9993 176.5767 0001455 089.8780 179.6658 15.05595779001750
0  STARLINK-1201
1 45182U 20012E   20226.91668981 -.00024637 +00000-0 -16769-2 0  9990
2 45182 053.0007 156.5697 0001432 092.1300 071.6504 15.05594659001756
0  STARLINK-1202
1 45183U 20012F   20226.91668981 -.00007777 +00000-0 -51499-3 0  9997
2 45183 053.0009 176.5799 0001530 089.0857 000.5137 15.05593736001764
0  STARLINK-1205
1 45184U 20012G   20226.91668981 -.00027375 +00000-0 -18665-2 0  9991
2 45184 053.0017 156.5783 0001434 096.1933 031.6303 15.05587587001758
0  STARLINK-1216
1 45185U 20012H   20226.91668981 -.00007652 +00000-0 -50619-3 0  9994
2 45185 052.9997 176.5803 0001250 088.7285 036.9430 15.05606781001759
0  STARLINK-1224
1 45186U 20012J   20226.91668981 -.00007486 +00000-0 -49509-3 0  9996
2 45186 052.9998 176.5791 0001461 092.0064 303.6181 15.05582670001762
0  STARLINK-1225
1 45187U 20012K   20226.91668981 -.00007179 +00000-0 -47382-3 0  9993
2 45187 053.0000 176.5782 0001568 100.1466 277.4794 15.05595429001768
0  STARLINK-1228
1 45188U 20012L   20226.91668981 -.00030689 +00000-0 -20953-2 0  9990
2 45188 052.9961 136.5951 0001622 079.1741 086.6717 15.05595635001752
0  STARLINK-1230
1 45189U 20012M   20226.91668981 -.00006898 +00000-0 -45469-3 0  9996
2 45189 052.9994 176.5789 0001522 093.8242 265.8259 15.05578744001754
0  STARLINK-1234
1 45190U 20012N   20226.91668981 -.00029425 +00000-0 -20075-2 0  9994
2 45190 053.0003 136.5789 0001652 083.9811 117.9412 15.05601739001750
0  STARLINK-1236
1 45191U 20012P   20226.91668981 -.00006172 +00000-0 -40476-3 0  9997
2 45191 053.0000 176.5770 0001567 086.1864 237.4853 15.05584792001756
0  STARLINK-1237
1 45192U 20012Q   20226.91668981 -.00007642 +00000-0 -50592-3 0  9991
2 45192 053.0005 176.5778 0001326 101.1754 006.4867 15.05575170001758
0  STARLINK-1239
1 45193U 20012R   20226.91668981 -.00007407 +00000-0 -48943-3 0  9998
2 45193 052.9997 176.5792 0001785 090.5010 071.1560 15.05601304001767
0  STARLINK-1240
1 45194U 20012S   20226.91668981 -.00007466 +00000-0 -49361-3 0  9999
2 45194 053.0009 176.5781 0001490 080.7302 062.8961 15.05591750001765
0  STARLINK-1241
1 45195U 20012T   20226.91668981 -.00007119 +00000-0 -46979-3 0  9997
2 45195 053.0021 176.5758 0001472 093.5679 086.0333 15.05587215001765
0  STARLINK-1244
1 45196U 20012U   20226.91668981 -.00005972 +00000-0 -39084-3 0  9992
2 45196 052.9982 176.5796 0001538 097.8991 135.6922 15.05601136001763
0  STARLINK-1269
1 45197U 20012V   20226.91668981 -.00005979 +00000-0 -39138-3 0  9990
2 45197 052.9995 176.5776 0001474 100.6576 186.8943 15.05591998001762
0  STARLINK-1154
1 45198U 20012W   20226.91668981 -.00034442  00000-0 -23556-2 0  9994
2 45198  52.9997 156.5797 0001666  98.1102 263.7272 15.05588290 27652
0  STARLINK-1197
1 45199U 20012X   20226.91668981 -.00026479 +00000-0 -18038-2 0  9995
2 45199 053.0002 156.5778 0001415 091.2737 252.5190 15.05603101001758
0  STARLINK-1198
1 45200U 20012Y   20226.91668981 -.00025544 +00000-0 -17389-2 0  9998
2 45200 053.0008 156.5825 0001672 092.7344 233.0180 15.05608694001761
0  STARLINK-1199
1 45201U 20012Z   20226.91668981 -.00024603 +00000-0 -16739-2 0  9992
2 45201 053.0004 156.5821 0001823 090.3167 217.4679 15.05607855001766
0  STARLINK-1203
1 45202U 20012AA  20226.83400278 +.00001134 +00000-0 +96622-4 0  9990
2 45202 052.9835 176.8100 0000975 044.5173 315.5893 15.05734847028339
0  STARLINK-1204
1 45203U 20012AB  20226.91668981 -.00023118 +00000-0 -15720-2 0  9993
2 45203 052.9985 156.5810 0001459 094.4555 105.3336 15.05594452001766
0  STARLINK-1206
1 45204U 20012AC  20226.91668981 -.00055420 +00000-0 -38111-2 0  9994
2 45204 053.0010 156.5763 0001484 088.4044 057.3911 15.05610394001768
0  STARLINK-1208
1 45205U 20012AD  20226.91668981 -.00027954 +00000-0 -19060-2 0  9998
2 45205 053.0013 156.5784 0001532 089.4633 308.2443 15.05598036001760
0  STARLINK-1209
1 45206U 20012AE  20226.91668981 -.00029852 +00000-0 -20371-2 0  9995
2 45206 053.0011 136.5817 0001587 087.2355 096.6697 15.05601114001751
0  STARLINK-1210
1 45207U 20012AF  20226.91668981 -.00023761 +00000-0 -16164-2 0  9994
2 45207 053.0000 156.5812 0001537 082.5885 207.1186 15.05594784001754
0  STARLINK-1211
1 45208U 20012AG  20226.91668981 -.00022437 +00000-0 -15245-2 0  9993
2 45208 052.9984 156.5798 0001721 094.8745 158.8829 15.05606347001758
0  STARLINK-1218
1 45209U 20012AH  20226.91668981 -.00026914 +00000-0 -18337-2 0  9993
2 45209 053.0017 156.5782 0001655 085.1346 024.5447 15.05605969001762
0  STARLINK-1219
1 45210U 20012AJ  20226.91668981 -.00022931 +00000-0 -15591-2 0  9999
2 45210 052.9994 156.5777 0001486 091.8906 179.8325 15.05593645001764
0  STARLINK-1231
1 45212U 20012AL  20226.91668981 -.00027921 +00000-0 -19029-2 0  9995
2 45212 052.9996 156.5758 0001582 094.2004 339.5849 15.05613087001769
0  STARLINK-1232
1 45213U 20012AM  20226.91668981 -.00028148 +00000-0 -19199-2 0  9996
2 45213 053.0004 156.5809 0001393 086.6860 329.1136 15.05588950001768
0  STARLINK-1233
1 45214U 20012AN  20226.91668981 -.00022696 +00000-0 -15423-2 0  9995
2 45214 052.9995 156.5823 0001806 089.7784 127.9820 15.05608111001766
0  STARLINK-1245
1 45215U 20012AP  20226.91668981 -.00022442 +00000-0 -15252-2 0  9995
2 45215 052.9984 156.5789 0001760 087.9339 147.7605 15.05596596001765
0  STARLINK-1254
1 45216U 20012AQ  20226.91668981 -.00027550 +00000-0 -18771-2 0  9990
2 45216 053.0011 156.5748 0001771 090.9484 000.8211 15.05615958001767
0  STARLINK-1271
1 45217U 20012AR  20226.91668981 -.00027885 +00000-0 -19017-2 0  9996
2 45217 053.0019 156.5781 0001388 085.8758 293.8909 15.05589187001766
0  STARLINK-1105
1 45218U 20012AS  20226.91668981 -.00032242  00000-0 -22035-2 0  9994
2 45218  52.9998 136.5746 0001472  92.3956  37.5533 15.05584185 27933
0  STARLINK-1187
1 45219U 20012AT  20226.91668981 -.00031142 +00000-0 -21260-2 0  9992
2 45219 053.0011 136.5799 0001726 099.7340 228.1261 15.05606688001762
0  STARLINK-1188
1 45220U 20012AU  20226.91668981 -.00029836 +00000-0 -20359-2 0  9999
2 45220 053.0017 136.5753 0001557 091.0333 200.8883 15.05601780001764
0  STARLINK-1189
1 45221U 20012AV  20226.91668981 -.00030636  00000-0 -20919-2 0  9992
2 45221  53.0017 136.5757 0001621  71.1245 238.7665 15.05590760 27932
0  STARLINK-1191
1 45222U 20012AW  20226.91668981 -.00029538 +00000-0 -20163-2 0  9993
2 45222 053.0016 136.5795 0001730 080.5224 193.3598 15.05582962001765
0  STARLINK-1212
1 45223U 20012AX  20226.91668981 -.00031490  00000-0 -21513-2 0  9994
2 45223  53.0020 136.5760 0001848  85.6297  62.3192 15.05584549 27934
0  STARLINK-1214
1 45224U 20012AY  20226.91668981 -.00029039 +00000-0 -19818-2 0  9996
2 45224 052.9957 136.6002 0001922 084.2129 135.6935 15.05582891001764
0  STARLINK-1215
1 45225U 20012AZ  20226.91668981 -.00033374 +00000-0 -22799-2 0  9996
2 45225 053.0014 136.5730 0001701 083.8158 334.0888 15.05615586001760
0  STARLINK-1217
1 45226U 20012BA  20226.91668981 -.00033048 +00000-0 -22581-2 0  9994
2 45226 053.0011 136.5737 0001489 090.5620 291.3531 15.05603561001767
0  STARLINK-1221
1 45227U 20012BB  20226.91668981 -.00031300 +00000-0 -21366-2 0  9994
2 45227 053.0013 136.5805 0002104 082.3743 173.5790 15.05610850001752
0  STARLINK-1222
1 45228U 20012BC  20226.91668981 -.00028961 +00000-0 -19755-2 0  9993
2 45228 053.0008 136.5834 0001542 085.7755 152.0959 15.05599988001751
0  STARLINK-1226
1 45229U 20012BD  20226.91668981 -.00033182 +00000-0 -22677-2 0  9992
2 45229 053.0007 136.5745 0001580 085.8108 350.1067 15.05597637001768
0  STARLINK-1227
1 45230U 20012BE  20226.91668981 -.00033144 +00000-0 -22645-2 0  9997
2 45230 053.0019 136.5747 0001671 071.1467 022.7458 15.05607498001765
0  STARLINK-1229
1 45231U 20012BF  20226.91668981 -.00032435 +00000-0 -22144-2 0  9994
2 45231 053.0006 136.5744 0001319 086.5964 277.1173 15.05624918001766
0  STARLINK-1235
1 45232U 20012BG  20226.91668981 -.00033214  00000-0 -22689-2 0  9995
2 45232  53.0006 136.5762 0001708  83.8331 316.0887 15.05614118 27918
0  STARLINK-1238
1 45233U 20012BH  20226.91668981 -.00023863 +00000-0 -16236-2 0  9996
2 45233 052.9980 156.5927 0001560 088.3234 093.4462 15.05591615001767
0  STARLINK-1243
1 45234U 20012BJ  20226.91668981 -.00006598 +00000-0 -43390-3 0  9995
2 45234 052.9992 176.5777 0001485 090.9835 250.6664 15.05595575001757
0  STARLINK-1246
1 45235U 20012BK  20226.91668981 -.00007574 +00000-0 -50079-3 0  9993
2 45235 052.9995 176.5769 0001414 088.3157 325.3283 15.05611303001768
0  STARLINK-1247
1 45236U 20012BL  20226.91668981 -.00032821 +00000-0 -22434-2 0  9990
2 45236 052.9999 136.5747 0001636 086.2790 025.6346 15.05586512001764
0  STARLINK-1270
1 45237U 20012BM  20226.91668981 -.00031913 +00000-0 -21806-2 0  9994
2 45237 053.0028 136.5750 0001639 088.9068 257.0295 15.05585325001758
0  STARLINK-1279
1 45360U 20019A   20226.91668981  .00022771  00000-0  15772-2 0  9993
2 45360  52.9848 266.6600 0001362  89.2371 251.7987 15.05573587 23600
0  STARLINK-1301
1 45361U 20019B   20226.91668981 +.00006458 +00000-0 +46196-3 0  9993
2 45361 053.0032 276.5647 0000762 095.6177 181.3037 15.05579416001761
0  STARLINK-1306
1 45362U 20019C   20226.91668981 -.00021833 +00000-0 -14838-2 0  9997
2 45362 052.9949 296.6101 0001225 110.5060 038.3504 15.05582266001765
0  STARLINK-1311
1 45363U 20019D   20226.76057455 +.00113799 +00000-0 +52288-3 0  9992
2 45363 052.9882 239.2505 0004078 021.8235 338.2960 15.82814020023987
0  STARLINK-1313
1 45364U 20019E   20226.91668981 -.00025114 +00000-0 -17097-2 0  9995
2 45364 052.9904 266.6321 0001300 087.7062 271.3540 15.05598831001753
0  STARLINK-1317
1 45365U 20019F   20226.91668981  .00053252  00000-0  36481-2 0  9996
2 45365  52.9978 276.5820 0001402 109.7281 257.1729 15.05563125 23472
0  STARLINK-1262
1 45366U 20019G   20226.91668981 -.00022837 +00000-0 -15523-2 0  9998
2 45366 052.9999 296.5790 0000774 114.3839 106.4741 15.05603167001765
0  STARLINK-1273
1 45367U 20019H   20226.91668981 -.00021424 +00000-0 -14553-2 0  9992
2 45367 053.0002 296.5800 0001089 121.7171 351.0684 15.05588345001760
0  STARLINK-1276
1 45368U 20019J   20226.91668981 -.00024864 +00000-0 -16930-2 0  9995
2 45368 052.9986 296.5746 0001136 109.3089 147.5202 15.05586833001755
0  STARLINK-1277
1 45369U 20019K   20226.91668981 -.00024818 +00000-0 -16894-2 0  9994
2 45369 052.9981 296.5768 0000923 118.7258 156.0029 15.05596237001751
0  STARLINK-1281
1 45370U 20019L   20226.91668981 -.00024441 +00000-0 -16636-2 0  9992
2 45370 052.9976 296.5909 0001077 105.0444 223.6999 15.05590705001752
0  STARLINK-1287
1 45371U 20019M   20226.91668981 -.00022130 +00000-0 -15036-2 0  9999
2 45371 053.0004 296.5826 0000594 117.3880 049.4009 15.05601349001751
0  STARLINK-1288
1 45372U 20019N   20226.91668981 -.00021726 +00000-0 -14768-2 0  9991
2 45372 052.9989 296.5765 0000842 116.5601 338.2982 15.05572381001765
0  STARLINK-1295
1 45373U 20019P   20226.91668981 -.00022649 +00000-0 -15398-2 0  9997
2 45373 053.0006 296.5799 0000895 107.9903 076.8198 15.05590933001758
0  STARLINK-1300
1 45374U 20019Q   20226.91668981 -.00023121 +00000-0 -15718-2 0  9990
2 45374 053.0008 296.5822 0001108 117.9476 084.8634 15.05605663001753
0  STARLINK-1302
1 45375U 20019R   20226.91668981 -.00021395 +00000-0 -14528-2 0  9990
2 45375 053.0006 296.5798 0000743 116.1628 014.6704 15.05601764001755
0  STARLINK-1304
1 45376U 20019S   20226.91668981 -.00022591 +00000-0 -15355-2 0  9999
2 45376 052.9989 296.5794 0000722 123.7389 277.1120 15.05599054001762
0  STARLINK-1305
1 45377U 20019T   20226.91668981 -.00023415 +00000-0 -15923-2 0  9997
2 45377 052.9993 296.5791 0000762 123.6349 115.1466 15.05600525001753
0  STARLINK-1310
1 45378U 20019U   20226.91668981 -.00024927 +00000-0 -16971-2 0  9991
2 45378 052.9982 296.5780 0000923 118.2092 192.5589 15.05591978001750
0  STARLINK-1319
1 45379U 20019V   20226.91668981 -.00024891 +00000-0 -16949-2 0  9997
2 45379 053.0006 296.5801 0000903 115.2467 177.5202 15.05585656001756
0  STARLINK-1207
1 45380U 20019W   20226.91668981 +.00006678 +00000-0 +47704-3 0  9994
2 45380 053.0002 276.5775 0000783 158.8115 028.0909 15.05582127001755
0  STARLINK-1258
1 45381U 20019X   20226.91668981 +.00001800 +00000-0 +14259-3 0  9996
2 45381 053.0004 276.5766 0000669 111.1314 021.8798 15.05588539001754
0  STARLINK-1264
1 45382U 20019Y   20226.91668981 +.00006434 +00000-0 +46054-3 0  9993
2 45382 052.9987 276.5737 0001218 114.6499 126.3492 15.05565086001758
0  STARLINK-1266
1 45383U 20019Z   20226.91668981 +.00006903 +00000-0 +49247-3 0  9992
2 45383 053.0007 276.5768 0000859 104.4254 064.5056 15.05578783001751
0  STARLINK-1267
1 45384U 20019AA  20226.91668981 +.00006293 +00000-0 +45087-3 0  9993
2 45384 052.9992 276.5738 0001032 121.9040 101.0971 15.05562878001752
0  STARLINK-1268
1 45385U 20019AB  20226.91668981 +.00062960 +00000-0 +56451-3 0  9994
2 45385 052.9983 246.0389 0002036 109.1025 315.5689 15.67728971001779
0  STARLINK-1272
1 45386U 20019AC  20226.91668981 +.00006863 +00000-0 +48954-3 0  9994
2 45386 053.0093 276.5305 0000882 107.9462 096.9978 15.05594688001755
0  STARLINK-1274
1 45387U 20019AD  20226.91668981 +.00009722 +00000-0 +81297-3 0  9999
2 45387 053.0012 274.4337 0001368 110.3065 011.0482 14.99068329001754
0  STARLINK-1280
1 45388U 20019AE  20226.91668981 -.00023206  00000-0 -15785-2 0  9993
2 45388  52.9976 296.5816 0001452 110.8472 271.9826 15.05585273 23203
0  STARLINK-1283
1 45389U 20019AF  20226.91668981 +.00006733 +00000-0 +48082-3 0  9995
2 45389 052.9976 276.5792 0000755 115.0432 269.9399 15.05579137001764
0  STARLINK-1284
1 45390U 20019AG  20226.91668981 -.00019509 +00000-0 -13228-2 0  9997
2 45390 053.0004 276.5773 0000923 105.2663 045.7368 15.05598279001767
0  STARLINK-1289
1 45391U 20019AH  20226.91668981 +.00006250 +00000-0 +44772-3 0  9994
2 45391 053.0006 276.5766 0001068 093.7224 345.3067 15.05581150001762
0  STARLINK-1290
1 45392U 20019AJ  20226.91668981 +.00006345 +00000-0 +45427-3 0  9998
2 45392 052.9881 276.6420 0001292 128.7152 202.2804 15.05577058001760
0  STARLINK-1291
1 45393U 20019AK  20226.91668981 +.00006897 +00000-0 +49348-3 0  9997
2 45393 053.0005 276.5762 0001220 103.6642 155.9276 15.05471559001762
0  STARLINK-1292
1 45394U 20019AL  20226.91668981 +.00007114 +00000-0 +50700-3 0  9995
2 45394 052.9997 276.5780 0001044 093.7938 021.1191 15.05574158001761
0  STARLINK-1297
1 45395U 20019AM  20226.91668981 +.00006558 +00000-0 +46871-3 0  9991
2 45395 053.0062 276.5422 0001295 106.5761 206.3863 15.05590108001761
0  STARLINK-1303
1 45396U 20019AN  20226.91668981 +.00006981 +00000-0 +49775-3 0  9998
2 45396 053.0005 276.5805 0000874 089.0078 331.9347 15.05582129001768
0  STARLINK-1307
1 45397U 20019AP  20226.91668981 +.00006438 +00000-0 +46073-3 0  9994
2 45397 052.9897 276.6235 0000822 127.6760 221.2476 15.05567401001753
0  STARLINK-1312
1 45398U 20019AQ  20226.91668981 +.00006930 +00000-0 +49436-3 0  9998
2 45398 052.9985 276.5758 0000682 125.4132 277.5488 15.05577880001764
0  STARLINK-1255
1 45399U 20019AR  20226.91668981 +.00022597 +00000-0 +15659-2 0  9995
2 45399 053.0010 266.5724 0001333 087.2430 181.7941 15.05560004001768
0  STARLINK-1213
1 45400U 20019AS  20226.91668981 +.00021082 +00000-0 +14627-2 0  9990
2 45400 052.9997 266.5696 0001311 086.1996 110.8835 15.05556165001760
0  STARLINK-1256
1 45401U 20019AT  20226.91668981 +.00058144 +00000-0 +39794-2 0  9992
2 45401 053.0005 266.5713 0001112 097.7919 117.2119 15.05556848001769
0  STARLINK-1257
1 45402U 20019AU  20226.91668981  .00021912  00000-0  15190-2 0  9990
2 45402  53.0011 266.5723 0001246  95.6010 137.4432 15.05564634 23426
0  STARLINK-1259
1 45403U 20019AV  20226.91668981 +.00020452 +00000-0 +14187-2 0  9994
2 45403 053.0008 266.5744 0000888 113.4412 047.5943 15.05581145001758
0  STARLINK-1260
1 45404U 20019AW  20226.91668981 +.00071818 +00000-0 +49012-2 0  9992
2 45404 052.9990 266.5721 0001237 091.3918 357.5518 15.05557405001761
0  STARLINK-1263
1 45405U 20019AX  20226.91668981  .00020692  00000-0  14356-2 0  9990
2 45405  53.0010 266.5678 0001083 103.2908  75.6847 15.05567257 23335
0  STARLINK-1265
1 45406U 20019AY  20226.91668981 +.00067842 +00000-0 +46342-2 0  9999
2 45406 053.0017 266.5696 0001172 106.2440 018.7206 15.05552232001752
0  STARLINK-1275
1 45407U 20019AZ  20226.91668981 +.00021796 +00000-0 +15118-2 0  9995
2 45407 052.9984 266.5759 0001103 089.2601 323.8094 15.05546141001765
0  STARLINK-1278
1 45408U 20019BA  20226.91668981 -.00023386 +00000-0 -15911-2 0  9996
2 45408 052.9969 296.5917 0001172 115.1753 249.6018 15.05581734001769
0  STARLINK-1282
1 45409U 20019BB  20226.91668981  .00022596  00000-0  15654-2 0  9991
2 45409  52.9992 266.5754 0001000  76.7611 300.1764 15.05570486 23348
0  STARLINK-1285
1 45410U 20019BC  20226.91668981  .00020521  00000-0  14243-2 0  9992
2 45410  53.0012 266.5678 0000926  96.7646  46.2321 15.05558288 23338
0  STARLINK-1293
1 45411U 20019BD  20226.91668981 +.00022879 +00000-0 +15841-2 0  9996
2 45411 053.0104 266.5302 0001254 083.7500 221.2689 15.05585848001751
0  STARLINK-1296
1 45412U 20019BE  20226.91668981 +.00067930 +00000-0 +46399-2 0  9996
2 45412 053.0001 266.5713 0001262 086.5497 020.4177 15.05553761001759
0  STARLINK-1298
1 45413U 20019BF  20226.91668981  .00023016  00000-0  15941-2 0  9993
2 45413  53.0053 266.5498 0001227  86.2982 236.7277 15.05569856 23427
0  STARLINK-1309
1 45414U 20019BG  20226.91668981  .00022021  00000-0  15262-2 0  9995
2 45414  53.0001 266.5764 0001090  94.0042 300.9714 15.05570334 23343
0  STARLINK-1316
1 45415U 20019BH  20226.91668981 +.00022157 +00000-0 +15355-2 0  9999
2 45415 053.0019 266.5683 0001200 088.0401 162.9666 15.05569975001750
0  STARLINK-1318
1 45416U 20019BJ  20226.91668981 +.00065696 +00000-0 +44898-2 0  9999
2 45416 052.9984 266.5734 0001114 096.7782 334.2364 15.05550424001768
0  STARLINK-1286
1 45417U 20019BK  20226.91668981 -.00022102 +00000-0 -15025-2 0  9997
2 45417 052.9974 296.5812 0001332 111.2897 307.5062 15.05579204001765
0  STARLINK-1299
1 45418U 20019BL  20226.91656977 +.00000720 +00000-0 +79805-4 0  9998
2 45418 053.0030 297.3144 0001061 121.6413 238.4676 14.99203983022931
0  STARLINK-1308
1 45419U 20019BM  20226.91668981 -.00021814 +00000-0 -14818-2 0  9997
2 45419 053.0077 296.5436 0000488 095.2191 341.6130 15.05600516001760
0  STARLINK-1329
1 45531U 20025A   20227.16667824 -.00033027  00000-0 -22582-2 0  9998
2 45531  52.9984 235.4570 0001170  95.5662  47.3379 15.05578540 18007
0  STARLINK-1338
1 45532U 20025B   20226.91668981 +.00035764 +00000-0 +24615-2 0  9993
2 45532 053.0056 236.5445 0000368 102.6829 052.5203 15.05577194001758
0  STARLINK-1339
1 45533U 20025C   20226.91668981 +.00042589 +00000-0 +29259-2 0  9996
2 45533 052.9994 236.5767 0001294 095.8596 329.3431 15.05562177001762
0  STARLINK-1341
1 45534U 20025D   20227.25001157 -.00028815  00000-0 -19660-2 0  9994
2 45534  53.0012 235.0762 0001377  84.8486  24.0062 15.05589072 18022
0  STARLINK-1350
1 45535U 20025E   20227.16667824 -.00028933  00000-0 -19742-2 0  9996
2 45535  52.9995 235.4590 0001368  87.8676 181.0946 15.05588917 18019
0  STARLINK-1352
1 45536U 20025F   20227.16667824 -.00029371  00000-0 -20044-2 0  9991
2 45536  52.9984 235.4587 0001279  89.2055 161.7184 15.05590540 18016
0  STARLINK-1353
1 45537U 20025G   20226.73841064 +.00001403 +00000-0 +10004-3 0  9994
2 45537 053.0032 234.8885 0002308 115.3004 244.8225 15.11161330018574
0  STARLINK-1362
1 45538U 20025H   20226.91668981 +.00035683 +00000-0 +24579-2 0  9998
2 45538 052.9972 236.5805 0001142 104.4555 104.7741 15.05548191001758
0  STARLINK-1367
1 45539U 20025J   20226.91668981 -.01006277 +00000-0 -50577-1 0  9995
2 45539 052.9868 206.8936 0001240 090.2859 332.0888 15.19717278001764
0  STARLINK-1368
1 45540U 20025K   20226.91668981 +.00044612 +00000-0 +30652-2 0  9992
2 45540 052.9979 236.5792 0001087 083.5923 233.6957 15.05537101001757
0  STARLINK-1369
1 45541U 20025L   20226.91668981 +.00042657 +00000-0 +29319-2 0  9998
2 45541 052.9989 236.5824 0000617 096.7703 202.4514 15.05544839001754
0  STARLINK-1371
1 45542U 20025M   20226.91668981 +.00037899 +00000-0 +26076-2 0  9998
2 45542 053.0026 236.5605 0001211 097.1683 021.9953 15.05561485001756
0  STARLINK-1372
1 45543U 20025N   20226.91668981 +.00041279 +00000-0 +28366-2 0  9990
2 45543 052.9994 236.5776 0001102 108.5654 172.7143 15.05567670001750
0  STARLINK-1373
1 45544U 20025P   20226.91668981 +.00034961 +00000-0 +24082-2 0  9992
2 45544 052.9948 236.5918 0000966 096.5381 094.6295 15.05557006001750
0  STARLINK-1374
1 45545U 20025Q   20226.91668981 +.00040918 +00000-0 +28130-2 0  9990
2 45545 052.9995 236.5751 0000954 086.3343 356.9008 15.05556296001767
0  STARLINK-1375
1 45546U 20025R   20227.25001157 -.00028702  00000-0 -19571-2 0  9993
2 45546  52.9983 235.0810 0001256  82.6438 296.1963 15.05610019 18032
0  STARLINK-1377
1 45547U 20025S   20226.91668981 +.00002477 +00000-0 +18908-3 0  9993
2 45547 052.9995 236.5731 0001136 094.6887 312.6088 15.05582018001763
0  STARLINK-1378
1 45548U 20025T   20227.25001157 -.00024406  00000-0 -16615-2 0  9998
2 45548  52.9985 235.0859 0001387  96.0113 174.8452 15.05582326 18026
0  STARLINK-1379
1 45549U 20025U   20226.91668981 +.00038059 +00000-0 +26183-2 0  9993
2 45549 052.9979 236.5779 0000875 086.1400 159.0205 15.05564328001752
0  STARLINK-1390
1 45550U 20025V   20226.91668981 +.00034942 +00000-0 +24057-2 0  9990
2 45550 052.9958 236.5976 0001299 105.2213 067.9927 15.05575793001752
0  STARLINK-1294
1 45551U 20025W   20226.91668981 -.00023983 +00000-0 -16319-2 0  9998
2 45551 052.9859 216.6457 0001481 075.0031 118.4342 15.05591038001754
0  STARLINK-1322
1 45552U 20025X   20226.91668981 +.00028170 +00000-0 +19463-2 0  9993
2 45552 052.9953 216.6036 0001483 071.6315 139.8019 15.05551181001755
0  STARLINK-1323
1 45553U 20025Y   20226.91668981 +.00029507 +00000-0 +20362-2 0  9999
2 45553 053.0009 216.5687 0001580 075.8441 063.5429 15.05573058001750
0  STARLINK-1325
1 45554U 20025Z   20226.91668981 +.00028186 +00000-0 +19465-2 0  9994
2 45554 052.9853 216.6525 0001426 073.7684 101.6093 15.05568209001756
0  STARLINK-1327
1 45555U 20025AA  20226.91668981 +.00036827 +00000-0 +25347-2 0  9992
2 45555 053.0002 216.5691 0001449 080.6099 310.7276 15.05562495001768
0  STARLINK-1334
1 45556U 20025AB  20226.91668981 +.00028686 +00000-0 +19814-2 0  9999
2 45556 053.0068 216.5384 0001250 072.9831 084.4166 15.05553068001756
0  STARLINK-1336
1 45557U 20025AC  20226.91668981 +.00030724 +00000-0 +21185-2 0  9990
2 45557 053.0012 216.5690 0001629 076.6479 044.7475 15.05582356001759
0  STARLINK-1342
1 45558U 20025AD  20226.91668981 +.00032919 +00000-0 +22686-2 0  9996
2 45558 052.9997 216.5681 0001704 067.3503 215.9839 15.05569071001754
0  STARLINK-1344
1 45559U 20025AE  20226.91668981 +.00031966 +00000-0 +22046-2 0  9998
2 45559 052.9995 216.5690 0001584 071.6581 031.6824 15.05555430001754
0  STARLINK-1346
1 45560U 20025AF  20226.91668981 -.01061881 +00000-0 -38891-1 0  9996
2 45560 053.0004 207.3836 0001283 059.7521 324.3403 15.30352842001773
0  STARLINK-1348
1 45561U 20025AG  20226.91668981 +.00028546 +00000-0 +36754-3 0  9993
2 45561 052.9966 204.8042 0008640 333.2223 208.7133 15.58803348001792
0  STARLINK-1354
1 45562U 20025AH  20226.91668981 -.00019875 +00000-0 -13479-2 0  9999
2 45562 052.9995 216.5683 0001386 096.4997 330.8652 15.05602550001766
0  STARLINK-1355
1 45563U 20025AJ  20226.91668981 +.00031915 +00000-0 +23985-2 0  9990
2 45563 053.0011 215.6765 0001555 094.9766 003.8242 15.02324619001759
0  STARLINK-1356
1 45564U 20025AK  20226.91668981 +.00037320 +00000-0 +25670-2 0  9990
2 45564 053.0020 216.5692 0001436 083.2055 290.1416 15.05579846001761
0  STARLINK-1357
1 45565U 20025AL  20226.91668981 +.00036323 +00000-0 +25006-2 0  9996
2 45565 052.9992 216.5669 0001356 080.1732 329.1785 15.05560498001766
0  STARLINK-1358
1 45566U 20025AM  20226.91668981 +.00036766 +00000-0 +25301-2 0  9996
2 45566 053.0015 216.5680 0001382 072.9325 264.4383 15.05568776001755
0  STARLINK-1361
1 45567U 20025AN  20227.16667824 -.00031252  00000-0 -21353-2 0  9990
2 45567  52.9996 215.4554 0001523  64.3609  98.7281 15.05577790 18284
0  STARLINK-1363
1 45568U 20025AP  20227.16667824 -.00028229  00000-0 -19248-2 0  9991
2 45568  53.0008 215.4478 0001772  68.1770 148.8300 15.05601085 18287
0  STARLINK-1366
1 45569U 20025AQ  20226.91668981 +.00028884 +00000-0 +19939-2 0  9991
2 45569 053.0000 216.5785 0001304 067.5916 161.7732 15.05570556001754
0  STARLINK-1376
1 45570U 20025AR  20226.91668981 +.00031214 +00000-0 +21531-2 0  9995
2 45570 053.0002 216.5725 0001634 070.9712 194.3805 15.05559999001751
0  STARLINK-1261
1 45571U 20025AS  20226.91668981 -.01034226 +00000-0 -37818-1 0  9999
2 45571 053.0003 207.3429 0001336 064.1773 337.9677 15.30329816001767
0  STARLINK-1320
1 45572U 20025AT  20227.16667824 -.01055512  00000-0 -52177-1 0  9999
2 45572  52.9989 206.0774 0001321  65.6227 238.2361 15.20426706 18410
0  STARLINK-1321
1 45573U 20025AU  20227.16667824 -.01058146  00000-0 -49899-1 0  9993
2 45573  53.0024 205.9378 0001321  62.8943 327.7550 15.22030772 18415
0  STARLINK-1324
1 45574U 20025AV  20226.91668981 -.01032516 +00000-0 -37564-1 0  9990
2 45574 053.0018 207.2994 0001486 053.9345 000.6764 15.30487309001762
0  STARLINK-1326
1 45575U 20025AW  20226.91668981 -.01022094 +00000-0 -37652-1 0  9999
2 45575 053.0010 207.3823 0001333 059.8802 316.9147 15.30059963001771
0  STARLINK-1328
1 45576U 20025AX  20226.91668981 -.01104694 +00000-0 -50344-1 0  9990
2 45576 053.0037 207.0668 0001428 051.9535 118.8874 15.23310170001763
0  STARLINK-1330
1 45577U 20025AY  20227.16667824 -.01057773  00000-0 -50307-1 0  9998
2 45577  53.0030 205.9818 0001317  60.3360 301.4067 15.21743107 18410
0  STARLINK-1331
1 45578U 20025AZ  20226.91668981 -.01062993 +00000-0 -39615-1 0  9995
2 45578 053.0011 207.4384 0001289 064.0693 287.4589 15.29796986001777
0  STARLINK-1332
1 45579U 20025BA  20227.16667824 -.00026298  00000-0 -34472-3 0  9994
2 45579  52.9984 204.4593 0003666   9.0000  58.5693 15.57559432 18434
0  STARLINK-1333
1 45580U 20025BB  20227.16667824 -.00030734  00000-0 -20979-2 0  9992
2 45580  53.0000 215.4484 0001810  74.6769 286.4383 15.05603804 18284
0  STARLINK-1335
1 45581U 20025BC  20226.91668981 -.01023766 +00000-0 -46789-1 0  9994
2 45581 053.0016 207.0556 0001553 056.5367 086.0527 15.22984645001769
0  STARLINK-1337
1 45582U 20025BD  20227.25001157 -.01040166  00000-0 -49895-1 0  9993
2 45582  53.0015 205.6129 0001357  82.5908   1.3775 15.21402895 18439
0  STARLINK-1340
1 45583U 20025BE  20226.91668981 -.00403620 +00000-0 -18198-1 0  9999
2 45583 053.0036 207.0547 0001493 058.0912 070.4884 15.22406794001766
0  STARLINK-1343
1 45584U 20025BF  20226.91668981 -.01083889 +00000-0 -49122-1 0  9993
2 45584 053.0017 207.0731 0001413 054.0553 130.9135 15.23437195001761
0  STARLINK-1345
1 45585U 20025BG  20226.91668981 -.01003422 +00000-0 -46191-1 0  9992
2 45585 053.0011 207.0480 0001441 062.6237 051.4713 15.22685805001763
0  STARLINK-1347
1 45586U 20025BH  20226.91668981 -.01025079 +00000-0 -31410-1 0  9993
2 45586 052.9989 206.5482 0001402 051.4311 000.6362 15.35876749001778
0  STARLINK-1349
1 45587U 20025BJ  20226.91668981 -.01021017 +00000-0 -37777-1 0  9994
2 45587 053.0004 207.4215 0001338 054.6699 309.5246 15.29916603001774
0  STARLINK-1360
1 45588U 20025BK  20226.91668981 -.00956843 +00000-0 -47720-1 0  9997
2 45588 052.9934 207.0051 0001454 059.9553 016.3154 15.19838489001769
0  STARLINK-1364
1 45589U 20025BL  20226.91668981 -.01045922 +00000-0 -49268-1 0  9995
2 45589 053.0013 207.1844 0001364 064.6421 337.8846 15.22032879001760
0  STARLINK-1365
1 45590U 20025BM  20226.91668981 -.00008702 +00000-0 -57868-3 0  9998
2 45590 053.0033 236.5486 0001023 097.8840 039.4155 15.05589582001753
0  STARLINK-1441
1 45658U 20035B   20226.91668981 -.00035027 +00000-0 -23946-2 0  9993
2 45658 053.0016 196.5737 0001516 072.5486 230.9586 15.05611499001755
0  STARLINK-1442
1 45659U 20035C   20226.91668981 +.00016631 +00000-0 +11584-2 0  9997
2 45659 052.9999 196.5712 0001751 066.7169 200.8174 15.05564317001756
0  STARLINK-1443
1 45660U 20035D   20226.91668981 +.00015288 +00000-0 +10658-2 0  9997
2 45660 053.0007 196.5723 0001831 071.7912 177.7010 15.05590633001754
0  STARLINK-1444
1 45661U 20035E   20226.91668981 +.00012606 +00000-0 +88240-3 0  9992
2 45661 053.0012 196.5697 0001537 076.3034 065.2080 15.05597146001754
0  STARLINK-1445
1 45662U 20035F   20226.91668981 +.00017364 +00000-0 +12084-2 0  9991
2 45662 052.9974 196.5906 0001451 100.3740 329.1653 15.05566205001761
0  STARLINK-1446
1 45663U 20035G   20226.91668981 +.00018609 +00000-0 +12925-2 0  9999
2 45663 052.9940 196.6075 0001335 095.0901 316.4302 15.05592679001767
0  STARLINK-1447
1 45664U 20035H   20226.87808469 +.00028074 +00000-0 +35712-3 0  9999
2 45664 053.0003 184.0002 0002662 091.7256 268.4060 15.59168902012385
0  STARLINK-1448
1 45665U 20035J   20226.91668981 +.00014061 +00000-0 +98197-3 0  9995
2 45665 053.0012 196.5730 0001891 079.5479 151.9817 15.05592372001754
0  STARLINK-1449
1 45666U 20035K   20226.91668981 +.00012931 +00000-0 +90524-3 0  9996
2 45666 053.0003 196.5711 0001778 068.3219 145.1446 15.05571509001758
0  STARLINK-1450
1 45667U 20035L   20226.91668981 +.00012222 +00000-0 +85642-3 0  9995
2 45667 053.0003 196.5702 0001775 074.3353 121.1564 15.05584404001755
0  STARLINK-1451
1 45668U 20035M   20226.91668981 -.00008924 +00000-0 -59405-3 0  9990
2 45668 052.9999 196.5708 0001985 072.6377 266.9579 15.05578890001750
0  STARLINK-1452
1 45669U 20035N   20226.91668981 +.00014672 +00000-0 +10235-2 0  9993
2 45669 053.0000 196.5788 0001545 088.7991 016.7024 15.05600669001752
0  STARLINK-1453
1 45670U 20035P   20226.91668981 +.00009228 +00000-0 +10645-3 0  9992
2 45670 052.9992 180.6358 0000930 064.7001 243.5560 15.62763070001778
0  STARLINK-1454
1 45671U 20035Q   20226.91668981 +.00015698 +00000-0 +10942-2 0  9990
2 45671 052.9991 196.5819 0001477 094.7258 352.7532 15.05578032001759
0  STARLINK-1455
1 45672U 20035R   20226.91668981 +.00008315 +00000-0 +96568-4 0  9999
2 45672 052.9902 179.8202 0001420 046.1702 253.6313 15.62746432001777
0  STARLINK-1456
1 45673U 20035S   20226.91668981 -.00025963 +00000-0 -17673-2 0  9998
2 45673 053.0041 196.5507 0007117 344.1267 031.4145 15.05596009001768
0  STARLINK-1457
1 45674U 20035T   20226.91668981 -.00010390 +00000-0 -69478-3 0  9998
2 45674 052.9994 196.5836 0001554 072.3915 249.1572 15.05587692001757
0  STARLINK-1458
1 45675U 20035U   20226.91668981 -.00028066 +00000-0 -19135-2 0  9992
2 45675 052.9880 196.6310 0001469 091.4525 302.0701 15.05602402001765
0  STARLINK-1460
1 45676U 20035V   20226.91668981 +.00011836 +00000-0 +83025-3 0  9998
2 45676 053.0008 196.5722 0001582 069.2490 108.2226 15.05573990001752
0  STARLINK-1392
1 45677U 20035W   20226.91668981 +.00013279 +00000-0 +92869-3 0  9998
2 45677 052.9987 196.5750 0001312 103.6365 019.8313 15.05585272001753
0  STARLINK-1393
1 45678U 20035X   20226.91668981 -.01035590 +00000-0 -71725-1 0  9998
2 45678 052.9921 186.5990 0001499 068.2712 078.5141 15.08009273001751
0  STARLINK-1394
1 45679U 20035Y   20226.91668981 -.01114962 +00000-0 -77876-1 0  9993
2 45679 052.9942 186.6066 0001523 070.9210 058.3886 15.07915048001769
0  STARLINK-1395
1 45680U 20035Z   20226.91668981 +.00006767 +00000-0 +48317-3 0  9995
2 45680 053.0010 186.5771 0001682 074.8408 022.7044 15.05581072001764
0  STARLINK-1396
1 45681U 20035AA  20226.91668981 -.01116834 +00000-0 -78422-1 0  9994
2 45681 052.9954 186.6121 0001650 054.9453 057.0051 15.07725570001768
0  STARLINK-1397
1 45682U 20035AB  20226.91668981 -.01012877 +00000-0 -71599-1 0  9995
2 45682 052.9953 186.6418 0001621 056.8501 020.4568 15.07200985001765
0  STARLINK-1399
1 45683U 20035AC  20226.91668981 -.01081375 +00000-0 -74134-1 0  9993
2 45683 052.9926 186.6019 0001638 075.6542 105.2374 15.08503761001750
0  STARLINK-1401
1 45684U 20035AD  20226.91668981 -.01069469 +00000-0 -70403-1 0  9999
2 45684 052.9982 186.6185 0001401 071.3062 209.5352 15.09943683001751
0  STARLINK-1402
1 45685U 20035AE  20226.91668981 -.01058699 +00000-0 -69333-1 0  9993
2 45685 052.9989 186.6197 0001337 062.9440 234.8940 15.10102978001756
0  STARLINK-1404
1 45686U 20035AF  20226.91668981 -.01019754 +00000-0 -65937-1 0  9999
2 45686 053.0002 186.6260 0001403 065.6768 265.3429 15.10459066001768
0  STARLINK-1406
1 45687U 20035AG  20226.91668981 -.00032739 +00000-0 -76250-3 0  9999
2 45687 052.9997 183.7740 0001482 071.1698 080.4798 15.41506445001765
0  STARLINK-1408
1 45688U 20035AH  20226.91668981 +.00007985 +00000-0 +56627-3 0  9999
2 45688 052.9954 186.6025 0001497 067.1673 336.2912 15.05600416001764
0  STARLINK-1413
1 45689U 20035AJ  20226.91668981 -.01113634 +00000-0 -74338-1 0  9999
2 45689 052.9957 186.6125 0001444 074.3349 173.2151 15.09557652001751
0  STARLINK-1414
1 45690U 20035AK  20226.91668981 -.01031567 +00000-0 -73276-1 0  9995
2 45690 052.9969 186.6776 0001598 052.5968 007.0594 15.07073198001765
0  STARLINK-1415
1 45691U 20035AL  20226.91668981 -.00634837  00000-0 -45837-1 0  9996
2 45691  53.0010 186.5910 0001501  62.7182 268.4625 15.06059242 12346
0  STARLINK-1416
1 45692U 20035AM  20226.91668981 -.01053651 +00000-0 -67558-1 0  9991
2 45692 053.0017 186.5955 0001413 057.1900 306.8951 15.10850919001769
0  STARLINK-1417
1 45693U 20035AN  20226.91668981 -.01129752 +00000-0 -75124-1 0  9996
2 45693 052.9986 186.6175 0001387 075.8526 188.6558 15.09740161001752
0  STARLINK-1419
1 45694U 20035AP  20226.91668981 -.01059852 +00000-0 -70892-1 0  9997
2 45694 052.9949 186.6109 0001419 079.1608 151.4387 15.09341052001757
0  STARLINK-1420
1 45695U 20035AQ  20226.91668981 +.00010305 +00000-0 +11827-3 0  9990
2 45695 053.0004 182.1276 0001262 054.7658 256.4695 15.62744015001773
0  STARLINK-1422
1 45696U 20035AR  20226.91668981 -.01030286 +00000-0 -69310-1 0  9992
2 45696 052.9938 186.6074 0001410 076.5323 137.5285 15.09054875001750
0  STARLINK-1351
1 45697U 20035AS  20226.91668981 +.00010566 +00000-0 +12103-3 0  9999
2 45697 052.9997 182.1595 0001373 065.9908 229.9701 15.62762218001771
0  STARLINK-1370
1 45698U 20035AT  20226.91668981 -.00077576 +00000-0 -84831-3 0  9993
2 45698 053.0006 182.1373 0001401 065.5705 234.2281 15.62787320001775
0  STARLINK-1398
1 45699U 20035AU  20226.91668981 +.00012170 +00000-0 +13859-3 0  9993
2 45699 052.9999 182.1411 0001356 066.5730 238.2374 15.62744237001773
0  STARLINK-1400
1 45700U 20035AV  20226.91668981 +.00010494 +00000-0 +12023-3 0  9995
2 45700 052.9979 182.1229 0001312 054.5994 251.5156 15.62766933001775
0  STARLINK-1403
1 45701U 20035AW  20226.91668981 -.00094409 +00000-0 -10356-2 0  9992
2 45701 053.0004 182.1571 0001325 047.8041 246.9215 15.62792152001775
0  STARLINK-1405
1 45702U 20035AX  20226.91668981 -.00017692 +00000-0 -21393-3 0  9996
2 45702 052.9852 170.8231 0000708 032.8564 320.8526 15.59410975001762
0  STARLINK-1407
1 45703U 20035AY  20226.91668981 +.00010368 +00000-0 +11891-3 0  9990
2 45703 053.0003 182.1380 0001568 060.1877 243.3489 15.62755819001771
0  STARLINK-1409
1 45704U 20035AZ  20226.91668981 +.00017697 +00000-0 +12309-2 0  9997
2 45704 052.9996 196.5705 0001705 068.2074 217.2950 15.05573445001753
0  STARLINK-1410
1 45705U 20035BA  20226.91668981 +.00011862 +00000-0 +83179-3 0  9990
2 45705 053.0015 196.5738 0001475 079.9002 079.6092 15.05585795001756
0  STARLINK-1411
1 45706U 20035BB  20226.91668981 +.00009886 +00000-0 +11372-3 0  9990
2 45706 052.9983 182.1809 0001343 058.1705 226.2838 15.62739796001777
0  STARLINK-1412
1 45707U 20035BC  20226.91668981 +.00010310 +00000-0 +11819-3 0  9991
2 45707 053.0007 182.1783 0001113 062.7155 223.0926 15.62773631001772
0  STARLINK-1418
1 45708U 20035BD  20226.91668981 +.00009965 +00000-0 +11458-3 0  9995
2 45708 053.0002 182.1582 0001583 053.8748 243.3525 15.62740487001778
0  STARLINK-1421
1 45709U 20035BE  20226.91668981 +.00010342 +00000-0 +11872-3 0  9997
2 45709 053.0003 182.1226 0001778 036.3896 272.2960 15.62735659001770
0  STARLINK-1423
1 45710U 20035BF  20226.91668981 +.00010468 +00000-0 +11988-3 0  9996
2 45710 053.0006 182.1208 0001508 062.8009 247.1323 15.62779837001776
0  STARLINK-1433
1 45711U 20035BG  20226.91668981 +.00010735 +00000-0 +12283-3 0  9993
2 45711 053.0002 182.1620 0001238 058.1988 233.9453 15.62769860001777
0  STARLINK-1434
1 45712U 20035BH  20226.91668981 -.00010349 +00000-0 -10701-3 0  9990
2 45712 052.9892 180.5954 0008229 016.6615 277.6404 15.62758522001772
0  STARLINK-1436
1 45713U 20035BJ  20226.91668981 -.01003015 +00000-0 -67194-1 0  9990
2 45713 052.9929 186.6084 0001584 077.8376 117.6992 15.09132881001753
0  STARLINK-1437
1 45714U 20035BK  20226.91668981 +.00010840 +00000-0 +12401-3 0  9995
2 45714 053.0002 182.1656 0001270 056.4951 231.8454 15.62762867001774
0  STARLINK-1438
1 45715U 20035BL  20226.91668981 -.01132330 +00000-0 -83740-2 0  9991
2 45715 052.9989 178.2775 0001321 044.9164 003.7091 15.74947839001781
0  STARLINK-1439
1 45716U 20035BM  20226.91668981 -.00007877 +00000-0 -80035-4 0  9994
2 45716 052.9995 178.3488 0008020 358.1959 341.0366 15.62754198001779
0  STARLINK-1461
1 45730U 20038A   20226.91668981 -.00018125 +00000-0 -12266-2 0  9990
2 45730 053.0097 006.5423 0001323 080.1712 090.5553 15.05622102001757
0  STARLINK-1465
1 45731U 20038B   20226.91668981 +.00013522 +00000-0 +94522-3 0  9991
2 45731 053.0014 006.5723 0001165 090.4805 008.2887 15.05587642001767
0  STARLINK-1466
1 45732U 20038C   20226.91668981 +.00013346 +00000-0 +93344-3 0  9997
2 45732 053.0074 006.5363 0001388 077.2367 075.5042 15.05577431001751
0  STARLINK-1467
1 45733U 20038D   20226.91668981 +.00024649 +00000-0 +19415-2 0  9992
2 45733 053.0011 005.8693 0001399 063.1251 035.0154 15.00668567001750
0  STARLINK-1468
1 45734U 20038E   20226.91668981 +.00011962 +00000-0 +83911-3 0  9990
2 45734 052.9843 006.6544 0000957 107.3879 099.4097 15.05563611001751
0  STARLINK-1471
1 45735U 20038F   20226.91668981 +.00010045 +00000-0 +70751-3 0  9990
2 45735 053.0005 006.5765 0001302 106.9976 261.6888 15.05582857001761
0  STARLINK-1472
1 45736U 20038G   20226.91668981 +.00013531 +00000-0 +94589-3 0  9999
2 45736 053.0046 006.5625 0001245 070.0021 064.7864 15.05587203001755
0  STARLINK-1473
1 45737U 20038H   20226.91668981 -.01057446 +00000-0 -78026-2 0  9993
2 45737 053.0046 351.6170 0001223 043.8698 299.4423 15.74821604001782
0  STARLINK-1474
1 45738U 20038J   20226.91668981 +.00012651 +00000-0 +88599-3 0  9997
2 45738 053.0011 006.5720 0001139 081.3656 359.3925 15.05574853001765
0  STARLINK-1475
1 45739U 20038K   20226.91668981 -.00007176 +00000-0 -72366-4 0  9992
2 45739 052.9998 355.5071 0001778 016.0784 203.8192 15.62831422001771
0  STARLINK-1479
1 45740U 20038L   20226.91668981 +.00010781 +00000-0 +75790-3 0  9991
2 45740 053.0008 006.5753 0000942 084.7930 301.9817 15.05581079001764
0  STARLINK-1480
1 45741U 20038M   20226.91668981 +.00012295 +00000-0 +86169-3 0  9996
2 45741 053.0179 006.4845 0001580 062.7263 125.9905 15.05574195001751
0  STARLINK-1481
1 45742U 20038N   20226.91668981 +.00010364 +00000-0 +72942-3 0  9996
2 45742 052.9970 006.6018 0001369 097.9409 144.8272 15.05581235001750
0  STARLINK-1483
1 45743U 20038P   20226.91668981 +.00012197 +00000-0 +85467-3 0  9999
2 45743 052.9999 006.5719 0001094 109.8940 312.8571 15.05584998001766
0  STARLINK-1500
1 45744U 20038Q   20226.91668981 +.00009148 +00000-0 +64585-3 0  9990
2 45744 052.9994 006.5793 0001388 102.0451 194.7249 15.05599040001754
0  STARLINK-1503
1 45745U 20038R   20226.91668981 +.00009416 +00000-0 +66455-3 0  9997
2 45745 052.9994 006.5777 0001357 110.2433 240.5495 15.05577788001752
0  STARLINK-1504
1 45746U 20038S   20226.91668981 +.00009285 +00000-0 +65540-3 0  9996
2 45746 053.0003 006.5810 0001138 097.5445 181.1862 15.05588139001751
0  STARLINK-1506
1 45747U 20038T   20226.91668981 +.00009877 +00000-0 +69602-3 0  9997
2 45747 052.9984 006.5830 0001257 079.1966 181.5342 15.05583796001757
0  STARLINK-1507
1 45748U 20038U   20226.91668981 +.00009208 +00000-0 +64998-3 0  9999
2 45748 052.9988 006.5788 0001428 108.8756 223.8995 15.05600203001758
0  STARLINK-1516
1 45749U 20038V   20226.91668981 -.00003559 +00000-0 -32211-4 0  9999
2 45749 053.0006 355.4123 0001100 077.7237 180.9161 15.63371908001777
0  STARLINK-1391
1 45750U 20038W   20226.91668981 +.00003647 +00000-0 +45630-4 0  9996
2 45750 053.0002 354.7615 0002148 034.6793 182.2992 15.62769549001773
0  STARLINK-1464
1 45751U 20038X   20226.91668981 -.00025822 +00000-0 -27717-3 0  9993
2 45751 053.0003 354.7593 0001902 038.4923 181.0706 15.62740597001776
0  STARLINK-1469
1 45752U 20038Y   20226.91668981 +.00004180 +00000-0 +51487-4 0  9998
2 45752 052.9996 354.7701 0001705 036.4955 177.9436 15.62739028001772
0  STARLINK-1476
1 45753U 20038Z   20226.91668981 +.00004290 +00000-0 +52703-4 0  9993
2 45753 053.0005 354.7706 0002260 029.4589 182.4562 15.62737428001776
0  STARLINK-1477
1 45754U 20038AA  20226.91668981 +.00004303 +00000-0 +52782-4 0  9996
2 45754 053.0004 354.7798 0002045 024.9597 184.4124 15.62766644001775
0  STARLINK-1478
1 45755U 20038AB  20226.91668981 +.00003988 +00000-0 +49387-4 0  9992
2 45755 052.9995 354.7013 0002128 032.1888 212.7759 15.62748973001773
0  STARLINK-1484
1 45756U 20038AC  20226.91668981 +.00004539 +00000-0 +55362-4 0  9996
2 45756 053.0006 354.7970 0002147 027.1861 171.9870 15.62765963001775
0  STARLINK-1486
1 45757U 20038AD  20226.91668981 +.00003912 +00000-0 +48551-4 0  9993
2 45757 052.9999 354.7252 0001881 030.8892 203.9088 15.62746977001778
0  STARLINK-1487
1 45758U 20038BG  20226.91668981 +.00004038 +00000-0 +49899-4 0  9990
2 45758 052.9996 354.7178 0001774 035.4503 204.4371 15.62760779001771
0  STARLINK-1493
1 45759U 20038AF  20226.91668981 +.00004389 +00000-0 +53778-4 0  9991
2 45759 052.9985 354.7906 0001976 032.7924 171.4787 15.62739293001771
0  STARLINK-1494
1 45760U 20038AG  20226.91668981 +.00004214 +00000-0 +51832-4 0  9999
2 45760 052.9981 354.7905 0002113 030.4646 171.2299 15.62755134001776
0  STARLINK-1495
1 45761U 20038AH  20226.91668981 +.00003626 +00000-0 +45405-4 0  9995
2 45761 052.9999 354.7259 0001968 035.5341 196.7006 15.62763624001774
0  STARLINK-1499
1 45762U 20038AJ  20226.91668981 +.00003036 +00000-0 +38978-4 0  9998
2 45762 053.0002 354.7548 0001600 015.5503 206.4443 15.62756731001779
0  STARLINK-1501
1 45763U 20038AK  20226.91668981 +.00003622 +00000-0 +45401-4 0  9999
2 45763 053.0000 354.7397 0001886 040.2853 189.4095 15.62738029001772
0  STARLINK-1502
1 45764U 20038AL  20226.91668981 +.00003023 +00000-0 +38832-4 0  9995
2 45764 053.0001 354.7412 0001450 037.5522 189.5832 15.62756321001776
0  STARLINK-1508
1 45765U 20038AM  20226.91668981 +.00003719 +00000-0 +46450-4 0  9993
2 45765 053.0001 354.7480 0001546 033.6956 190.9186 15.62742636001778
0  STARLINK-1509
1 45766U 20038AN  20226.91668981 -.00082641 +00000-0 -90356-3 0  9990
2 45766 052.9997 354.7200 0002254 029.7153 207.6023 15.62814874001773
0  STARLINK-1511
1 45767U 20038AP  20226.91668981 -.00068133 +00000-0 -74404-3 0  9997
2 45767 052.9995 354.7067 0001737 031.2828 211.1628 15.62766808001779
0  STARLINK-1521
1 45768U 20038AQ  20226.91668981 +.00004361 +00000-0 +53450-4 0  9998
2 45768 052.9982 354.7834 0001959 023.6108 183.2176 15.62751095001779
0  STARLINK-1459
1 45769U 20038AR  20226.91668981 +.00008972 +00000-0 +63407-3 0  9993
2 45769 052.9954 006.5984 0001286 103.8377 210.9105 15.05584596001754
0  STARLINK-1462
1 45770U 20038AS  20226.91668981 +.00003997 +00000-0 +49414-4 0  9990
2 45770 052.9982 354.7951 0002023 030.7956 172.2054 15.62786673001778
0  STARLINK-1463
1 45771U 20038AT  20226.91668981 +.00004219 +00000-0 +51880-4 0  9999
2 45771 053.0006 354.7835 0001992 035.2154 172.8619 15.62761741001775
0  STARLINK-1470
1 45772U 20038AU  20226.91668981 +.00003720 +00000-0 +46442-4 0  9994
2 45772 053.0005 354.7638 0001907 026.5140 189.1684 15.62754065001774
0  STARLINK-1482
1 45773U 20038AV  20226.91668981 -.00026311 +00000-0 -28243-3 0  9996
2 45773 053.0004 354.7527 0002170 027.7167 193.1097 15.62749257001776
0  STARLINK-1485
1 45774U 20038AW  20226.91668981 +.00004233 +00000-0 +52019-4 0  9993
2 45774 052.9998 354.7031 0001812 027.7506 215.9717 15.62764714001773
0  STARLINK-1488
1 45775U 20038AX  20227.16667824  .00046836  00000-0  51518-3 0  9994
2 45775  53.0002 353.4912 0001509  44.3620 164.0444 15.62712816 10835
0  STARLINK-1489
1 45776U 20038AY  20226.91668981 +.00004205 +00000-0 +51755-4 0  9990
2 45776 053.0001 354.7291 0001868 028.0745 205.4382 15.62744035001776
0  STARLINK-1490
1 45777U 20038AZ  20226.91668981 +.00003998 +00000-0 +49519-4 0  9994
2 45777 053.0000 354.7193 0001884 030.5975 205.4619 15.62735275001777
0  STARLINK-1491
1 45778U 20038BA  20226.91668981 +.00004717 +00000-0 +57318-4 0  9991
2 45778 052.9982 354.7992 0002069 035.2424 165.2364 15.62757334001779
0  STARLINK-1492
1 45779U 20038BB  20226.91668981 +.00004547 +00000-0 +55508-4 0  9992
2 45779 052.9981 354.7874 0001944 037.1997 168.3369 15.62736216001770
0  STARLINK-1496
1 45780U 20038BC  20226.91668981 +.00004760 +00000-0 +57764-4 0  9997
2 45780 052.9998 354.7071 0002199 026.0758 220.1595 15.62767218001778
0  STARLINK-1497
1 45781U 20038BD  20226.91668981 +.00004698 +00000-0 +57149-4 0  9995
2 45781 052.9982 354.7478 0001587 043.1329 182.7953 15.62734739001770
0  STARLINK-1498
1 45782U 20038BE  20226.91668981 +.00004080 +00000-0 +50375-4 0  9995
2 45782 053.0002 354.7279 0001896 024.5789 206.3943 15.62753824001779
0  STARLINK-1505
1 45783U 20038BF  20226.91668981 +.00003579 +00000-0 +44960-4 0  9991
2 45783 053.0002 354.7384 0001879 033.7523 194.7520 15.62726249001778
0  STARLINK-1510
1 45784U 20038BG  20226.91668981 +.00003746 +00000-0 +46675-4 0  9993
2 45784 052.9998 354.7148 0001731 032.1583 206.4316 15.62787435001773
0  STARLINK-1512
1 45785U 20038BH  20226.91668981 +.00004570 +00000-0 +55731-4 0  9993
2 45785 052.9980 354.7730 0002021 030.1921 182.9834 15.62751440001779
0  STARLINK-1513
1 45786U 20038BJ  20226.91668981 +.00004030 +00000-0 +49845-4 0  9994
2 45786 053.0003 354.7481 0001904 042.6987 180.6388 15.62748199001776
0  STARLINK-1517
1 45787U 20038W   20226.91668981 +.00003629 +00000-0 +45450-4 0  9996
2 45787 052.9979 354.7610 0002130 043.1551 175.0996 15.62757296001777